0;position;(0.0, 0.0, 0.0);(0.0, 0.0, 0.0)
0.02;position;(0.0, 0.0, 0.0);(0.0, 0.0, 0.0)
0.3533334;position;(0.0, 0.0, 0.0);(0.0, 0.0, 0.0)
0.4156581;position;(0.0, 0.0, 0.0);(0.0, 0.0, 0.0)
0.4449799;position;(0.0, 0.0, 0.0);(0.0, 0.0, 0.0)
0.4625953;position;(0.0, 0.0, 0.0);(0.0, 0.0, 0.0)
0.4747705;position;(0.0, 0.0, 0.0);(0.0, 0.0, 0.0)
0.4884991;position;(0.0, 0.0, 0.0);(0.0, 0.0, 0.0)
0.5346889;position;(0.0, 0.0, 0.0);(0.0, 0.0, 0.0)
0.5540912;position;(0.0, 0.0, 0.5);(0.0, 0.0, 0.5)
0.5802981;position;(0.0, 0.0, 0.5);(0.0, 0.0, 0.5)
0.5937783;position;(0.0, 0.0, 0.5);(0.0, 0.0, 0.5)
0.6159167;position;(0.0, 0.0, 0.5);(0.0, 0.0, 0.5)
0.6433038;position;(0.0, 0.0, 0.5);(0.0, 0.0, 0.5)
0.6653038;position;(0.0, 0.0, 0.5);(0.0, 0.0, 0.5)
0.6905518;position;(0.0, 0.0, 0.5);(0.0, 0.0, 0.5)
0.7158331;position;(0.0, 0.0, 0.5);(0.0, 0.0, 0.5)
0.7415208;position;(0.0, 0.0, 0.5);(0.0, 0.0, 0.5)
0.7672091;position;(0.0, 0.0, 0.5);(0.0, 0.0, 0.5)
0.7923852;position;(0.0, 0.0, 0.5);(0.0, 0.0, 0.5)
0.8169734;position;(0.0, 0.0, 0.5);(0.0, 0.0, 0.5)
0.8436744;position;(0.0, 0.0, 0.5);(0.0, 0.0, 0.5)
0.8652673;position;(0.0, 0.0, 0.5);(0.0, 0.0, 0.5)
0.8904752;position;(0.0, 0.0, 0.5);(0.0, 0.0, 0.5)
0.9152473;position;(0.0, 0.0, 0.5);(0.0, 0.0, 0.5)
0.9399534;position;(0.0, 0.0, 0.5);(0.0, 0.0, 0.5)
0.9647225;position;(0.0, 0.0, 0.5);(0.0, 0.0, 0.5)
0.991331;position;(0.0, 0.0, 0.5);(0.0, 0.0, 0.5)
1.016547;position;(0.0, 0.0, 0.5);(0.0, 0.0, 0.5)
1.042026;position;(0.0, 0.0, 0.5);(0.0, 0.0, 0.5)
1.067658;position;(0.0, 0.0, 0.5);(0.0, 0.0, 0.5)
1.092307;position;(0.0, 0.0, 0.5);(0.0, 0.0, 0.5)
1.116931;position;(0.0, 0.0, 0.5);(0.0, 0.0, 0.5)
1.144042;position;(0.0, 0.0, 0.5);(0.0, 0.0, 0.5)
1.168416;position;(0.0, 0.0, 0.5);(0.0, 0.0, 0.5)
1.191814;position;(0.0, 0.0, 0.5);(0.0, 0.0, 0.5)
1.215766;position;(0.0, 0.0, 0.5);(0.0, 0.0, 0.5)
1.24142;position;(0.0, 0.0, 0.5);(0.0, 0.0, 0.5)
1.267305;position;(0.0, 0.0, 0.5);(0.0, 0.0, 0.5)
1.294541;position;(0.0, 0.0, 0.5);(0.0, 0.0, 0.5)
1.317285;position;(0.0, 0.0, 0.5);(0.0, 0.0, 0.5)
1.342086;position;(0.0, 0.0, 0.5);(0.0, 0.0, 0.5)
1.366199;position;(0.0, 0.0, 0.5);(0.0, 0.0, 0.5)
1.391761;position;(0.0, 0.0, 0.5);(0.0, 0.0, 0.5)
1.416541;position;(0.0, 0.0, 0.5);(0.0, 0.0, 0.5)
1.441094;position;(0.0, 0.0, 0.5);(0.0, 0.0, 0.5)
1.466476;position;(0.0, 0.0, 0.5);(0.0, 0.0, 0.5)
1.491543;position;(0.0, 0.0, 0.5);(0.0, 0.0, 0.5)
1.520812;position;(0.0, 0.0, 0.5);(0.0, 0.0, 0.5)
1.542007;position;(0.0, 0.0, 0.5);(0.0, 0.0, 0.5)
1.567418;position;(0.0, 0.0, 0.5);(0.0, 0.0, 0.5)
1.592115;position;(0.0, 0.0, 0.5);(0.0, 0.0, 0.5)
1.615949;position;(0.0, 0.0, 0.5);(0.0, 0.0, 0.5)
1.643107;position;(0.0, 0.0, 0.5);(0.0, 0.0, 0.5)
1.666257;position;(0.0, 0.0, 0.5);(0.0, 0.0, 0.5)
1.691565;position;(0.0, 0.0, 0.5);(0.0, 0.0, 0.5)
1.718669;position;(0.0, 0.0, 0.5);(0.0, 0.0, 0.5)
1.743639;position;(0.0, 0.0, 0.5);(0.0, 0.0, 0.5)
1.766282;position;(0.0, 0.0, 0.5);(0.0, 0.0, 0.5)
1.792222;position;(0.0, 0.0, 0.5);(0.0, 0.0, 0.5)
1.816309;position;(0.0, 0.0, 0.5);(0.0, 0.0, 0.5)
1.841315;position;(0.0, 0.0, 0.5);(0.0, 0.0, 0.5)
1.867498;position;(0.0, 0.0, 0.5);(0.0, 0.0, 0.5)
1.892121;position;(0.0, 0.0, 0.5);(0.0, 0.0, 0.5)
1.930598;position;(0.0, 0.0, 0.5);(0.0, 0.0, 0.5)
1.944175;position;(0.0, 0.0, 0.5);(0.0, 0.0, 0.5)
1.970759;position;(0.0, 0.0, 0.5);(0.0, 0.0, 0.5)
1.993058;position;(0.0, 0.0, 0.5);(0.0, 0.0, 0.5)
2.017302;position;(0.0, 0.0, 0.5);(0.0, 0.0, 0.5)
2.044014;position;(0.0, 0.0, 0.5);(0.0, 0.0, 0.5)
2.067003;position;(0.0, 0.0, 0.5);(0.0, 0.0, 0.5)
2.091226;position;(0.0, 0.0, 0.5);(0.0, 0.0, 0.5)
2.114813;position;(0.0, 0.0, 0.5);(0.0, 0.0, 0.5)
2.14421;position;(0.0, 0.0, 0.5);(0.0, 0.0, 0.5)
2.165231;position;(0.0, 0.0, 0.5);(0.0, 0.0, 0.5)
2.191175;position;(0.0, 0.0, 0.5);(0.0, 0.0, 0.5)
2.214032;position;(0.0, 0.0, 0.5);(0.0, 0.0, 0.5)
2.239876;position;(0.0, 0.0, 0.5);(0.0, 0.0, 0.5)
2.265077;position;(0.0, 0.0, 0.5);(0.0, 0.0, 0.5)
2.29183;position;(0.0, 0.0, 0.5);(0.0, 0.0, 0.5)
2.314761;position;(0.0, 0.0, 0.5);(0.0, 0.0, 0.5)
2.340743;position;(0.0, 0.0, 0.5);(0.0, 0.0, 0.5)
2.367416;position;(0.0, 0.0, 0.5);(0.0, 0.0, 0.5)
2.390193;position;(0.0, 0.0, 0.5);(0.0, 0.0, 0.5)
2.402456;position;(0.0, 0.0, 0.5);(0.0, 0.0, 0.5)
2.414671;position;(0.0, 0.0, 0.5);(0.0, 0.0, 0.5)
2.42839;position;(0.0, 0.0, 0.5);(0.0, 0.0, 0.5)
2.44164;position;(0.0, 0.0, 0.5);(0.0, 0.0, 0.5)
2.45418;position;(0.0, 0.0, 0.5);(0.0, 0.0, 0.5)
2.467612;position;(0.0, 0.0, 0.5);(0.0, 0.0, 0.5)
2.480601;position;(0.0, 0.0, 0.5);(0.0, 0.0, 0.5)
2.492903;position;(0.0, 0.0, 0.5);(0.0, 0.0, 0.5)
2.504035;position;(0.0, 0.0, 0.5);(0.0, 0.0, 0.5)
2.517703;position;(0.0, 0.0, 0.5);(0.0, 0.0, 0.5)
2.529624;position;(0.0, 0.0, 0.5);(0.0, 0.0, 0.5)
2.543876;position;(0.0, 0.0, 0.5);(0.0, 0.0, 0.5)
2.558693;position;(0.0, 0.0, 0.5);(0.0, 0.0, 0.5)
2.56789;position;(0.0, 0.0, 0.5);(0.0, 0.0, 0.5)
2.580512;position;(0.0, 0.0, 0.5);(0.0, 0.0, 0.5)
2.593619;position;(0.0, 0.0, 0.5);(0.0, 0.0, 0.5)
2.60647;position;(0.0, 0.0, 0.5);(0.0, 0.0, 0.5)
2.618265;position;(0.0, 0.0, 0.5);(0.0, 0.0, 0.5)
2.630301;position;(0.0, 0.0, 0.5);(0.0, 0.0, 0.5)
2.643193;position;(0.0, 0.0, 0.5);(0.0, 0.0, 0.5)
2.656549;position;(0.0, 0.0, 0.5);(0.0, 0.0, 0.5)
2.668967;position;(0.0, 0.0, 0.5);(0.0, 0.0, 0.5)
2.680444;position;(0.0, 0.0, 0.5);(0.0, 0.0, 0.5)
2.693689;position;(0.0, 0.0, 0.5);(0.0, 0.0, 0.5)
2.706926;position;(0.0, 0.0, 0.5);(0.0, 0.0, 0.5)
2.719973;position;(0.0, 0.0, 0.5);(0.0, 0.0, 0.5)
2.731447;position;(0.0, 0.0, 0.5);(0.0, 0.0, 0.5)
2.743414;position;(0.0, 0.0, 0.5);(0.0, 0.0, 0.5)
2.756304;position;(0.0, 0.0, 0.5);(0.0, 0.0, 0.5)
2.772377;position;(0.0, 0.0, 0.5);(0.0, 0.0, 0.5)
2.783595;position;(0.0, 0.0, 0.5);(0.0, 0.0, 0.5)
2.796146;position;(0.0, 0.0, 0.5);(0.0, 0.0, 0.5)
2.806821;position;(0.0, 0.0, 0.5);(0.0, 0.0, 0.5)
2.818127;position;(0.0, 0.0, 0.5);(0.0, 0.0, 0.5)
2.832036;position;(0.0, 0.0, 0.5);(0.0, 0.0, 0.5)
2.843543;position;(0.0, 0.0, 0.5);(0.0, 0.0, 0.5)
2.856055;position;(0.0, 0.0, 0.5);(0.0, 0.0, 0.5)
2.868674;position;(0.0, 0.0, 0.5);(0.0, 0.0, 0.5)
2.880438;position;(0.0, 0.0, 0.5);(0.0, 0.0, 0.5)
2.894134;position;(0.0, 0.0, 0.5);(0.0, 0.0, 0.5)
2.906673;position;(0.0, 0.0, 0.5);(0.0, 0.0, 0.5)
2.91838;position;(0.0, 0.0, 0.5);(0.0, 0.0, 0.5)
2.930811;position;(0.0, 0.0, 0.5);(0.0, 0.0, 0.5)
2.943496;position;(0.0, 0.0, 0.5);(0.0, 0.0, 0.5)
2.956512;position;(0.0, 0.0, 0.5);(0.0, 0.0, 0.5)
2.969759;position;(0.0, 0.0, 0.5);(0.0, 0.0, 0.5)
2.980777;position;(0.0, 0.0, 0.5);(0.0, 0.0, 0.5)
2.993545;position;(0.0, 0.0, 0.5);(0.0, 0.0, 0.5)
3.006243;position;(0.0, 0.0, 0.5);(0.0, 0.0, 0.5)
3.017856;position;(0.0, 0.0, 0.5);(0.0, 0.0, 0.5)
3.031546;position;(0.0, 0.0, 0.5);(0.0, 0.0, 0.5)
3.043533;position;(0.0, 0.0, 0.5);(0.0, 0.0, 0.5)
3.056078;position;(0.0, 0.0, 0.5);(0.0, 0.0, 0.5)
3.068477;position;(0.0, 0.0, 0.5);(0.0, 0.0, 0.5)
3.081243;position;(0.0, 0.0, 0.5);(0.0, 0.0, 0.5)
3.094151;position;(0.0, 0.0, 0.5);(0.0, 0.0, 0.5)
3.107549;position;(0.0, 0.0, 0.5);(0.0, 0.0, 0.5)
3.120224;position;(0.0, 0.0, 0.5);(0.0, 0.0, 0.5)
3.131633;position;(0.0, 0.0, 0.5);(0.0, 0.0, 0.5)
3.144303;position;(0.0, 0.0, 0.5);(0.0, 0.0, 0.5)
3.157173;position;(0.0, 0.0, 0.5);(0.0, 0.0, 0.5)
3.175794;position;(0.0, 0.0, 0.5);(0.0, 0.0, 0.5)
3.194275;position;(0.0, 0.0, 0.5);(0.0, 0.0, 0.5)
3.20612;position;(0.0, 0.0, 0.5);(0.0, 0.0, 0.5)
3.218243;position;(0.0, 0.0, 0.5);(0.0, 0.0, 0.5)
3.230424;position;(0.0, 0.0, 0.5);(0.0, 0.0, 0.5)
3.243236;position;(0.0, 0.0, 0.5);(0.0, 0.0, 0.5)
3.255031;position;(0.0, 0.0, 0.5);(0.0, 0.0, 0.5)
3.267362;position;(0.0, 0.0, 0.5);(0.0, 0.0, 0.5)
3.280475;position;(0.0, 0.0, 0.5);(0.0, 0.0, 0.5)
3.294313;position;(0.0, 0.0, 0.5);(0.0, 0.0, 0.5)
3.30486;position;(0.0, 0.0, 0.5);(0.0, 0.0, 0.5)
3.316626;position;(0.0, 0.0, 0.5);(0.0, 0.0, 0.5)
3.33068;position;(0.0, 0.0, 0.5);(0.0, 0.0, 0.5)
3.343742;position;(0.0, 0.0, 0.5);(0.0, 0.0, 0.5)
3.354136;position;(0.0, 0.0, 0.5);(0.0, 0.0, 0.5)
3.366617;position;(0.0, 0.0, 0.5);(0.0, 0.0, 0.5)
3.380821;position;(0.0, 0.0, 0.5);(0.0, 0.0, 0.5)
3.393404;position;(0.0, 0.0, 0.5);(0.0, 0.0, 0.5)
3.406071;position;(0.0, 0.0, 0.5);(0.0, 0.0, 0.5)
3.416463;position;(0.0, 0.0, 0.5);(0.0, 0.0, 0.5)
3.429487;position;(0.0, 0.0, 0.5);(0.0, 0.0, 0.5)
3.442727;position;(0.0, 0.0, 0.5);(0.0, 0.0, 0.5)
3.454916;position;(0.0, 0.0, 0.5);(0.0, 0.0, 0.5)
3.467131;position;(0.0, 0.0, 0.5);(0.0, 0.0, 0.5)
3.479301;position;(0.0, 0.0, 0.5);(0.0, 0.0, 0.5)
3.492842;position;(0.0, 0.0, 0.5);(0.0, 0.0, 0.5)
3.506116;position;(0.0, 0.0, 0.5);(0.0, 0.0, 0.5)
3.517231;position;(0.0, 0.0, 0.5);(0.0, 0.0, 0.5)
3.529402;position;(0.0, 0.0, 0.5);(0.0, 0.0, 0.5)
3.54292;position;(0.0, 0.0, 0.5);(0.0, 0.0, 0.5)
3.555662;position;(0.0, 0.0, 0.5);(0.0, 0.0, 0.5)
3.567807;position;(0.0, 0.0, 0.5);(0.0, 0.0, 0.5)
3.581431;position;(0.0, 0.0, 0.5);(0.0, 0.0, 0.5)
3.593188;position;(0.0, 0.0, 0.5);(0.0, 0.0, 0.5)
3.605646;position;(0.0, 0.0, 0.5);(0.0, 0.0, 0.5)
3.617165;position;(0.0, 0.0, 0.5);(0.0, 0.0, 0.5)
3.629902;position;(0.0, 0.0, 0.5);(0.0, 0.0, 0.5)
3.642637;position;(0.0, 0.0, 0.5);(0.0, 0.0, 0.5)
3.655963;position;(0.0, 0.0, 0.5);(0.0, 0.0, 0.5)
3.668451;position;(0.0, 0.0, 0.5);(0.0, 0.0, 0.5)
3.681029;position;(0.0, 0.0, 0.5);(0.0, 0.0, 0.5)
3.693353;position;(0.0, 0.0, 0.5);(0.0, 0.0, 0.5)
3.706241;position;(0.0, 0.0, 0.5);(0.0, 0.0, 0.5)
3.717452;position;(0.0, 0.0, 0.5);(0.0, 0.0, 0.5)
3.730771;position;(0.0, 0.0, 0.5);(0.0, 0.0, 0.5)
3.742821;position;(0.0, 0.0, 0.5);(0.0, 0.0, 0.5)
3.755436;position;(0.0, 0.0, 0.5);(0.0, 0.0, 0.5)
3.767189;position;(0.0, 0.0, 0.5);(0.0, 0.0, 0.5)
3.780482;position;(0.0, 0.0, 0.5);(0.0, 0.0, 0.5)
3.795051;position;(0.0, 0.0, 0.5);(0.0, 0.0, 0.5)
3.805362;position;(0.0, 0.0, 0.5);(0.0, 0.0, 0.5)
3.816993;position;(0.0, 0.0, 0.5);(0.0, 0.0, 0.5)
3.830131;position;(0.0, 0.0, 0.5);(0.0, 0.0, 0.5)
3.842839;position;(0.0, 0.0, 0.5);(0.0, 0.0, 0.5)
3.857042;position;(0.0, 0.0, 0.5);(0.0, 0.0, 0.5)
3.867354;position;(0.0, 0.0, 0.5);(0.0, 0.0, 0.5)
3.880197;position;(0.0, 0.0, 0.5);(0.0, 0.0, 0.5)
3.893021;position;(0.0, 0.0, 0.5);(0.0, 0.0, 0.5)
3.906905;position;(0.0, 0.0, 0.5);(0.0, 0.0, 0.5)
3.918137;position;(0.0, 0.0, 0.5);(0.0, 0.0, 0.5)
3.930327;position;(0.0, 0.0, 0.5);(0.0, 0.0, 0.5)
3.943229;position;(0.0, 0.0, 0.5);(0.0, 0.0, 0.5)
3.956489;position;(0.0, 0.0, 0.5);(0.0, 0.0, 0.5)
3.969409;position;(0.0, 0.0, 0.5);(0.0, 0.0, 0.5)
3.98187;position;(0.0, 0.0, 0.5);(0.0, 0.0, 0.5)
3.994174;position;(0.0, 0.0, 0.5);(0.0, 0.0, 0.5)
4.006319;position;(0.0, 0.0, 0.5);(0.0, 0.0, 0.5)
4.017544;position;(0.0, 0.0, 0.5);(0.0, 0.0, 0.5)
4.030807;position;(0.0, 0.0, 0.5);(0.0, 0.0, 0.5)
4.042989;position;(0.0, 0.0, 0.5);(0.0, 0.0, 0.5)
4.05608;position;(0.0, 0.0, 0.5);(0.0, 0.0, 0.5)
4.068125;position;(0.0, 0.0, 0.5);(0.0, 0.0, 0.5)
4.080363;position;(0.0, 0.0, 0.5);(0.0, 0.0, 0.5)
4.093759;position;(0.0, 0.0, 0.5);(0.0, 0.0, 0.5)
4.106369;position;(0.0, 0.0, 0.5);(0.0, 0.0, 0.5)
4.118507;position;(0.0, 0.0, 0.5);(0.0, 0.0, 0.5)
4.130576;position;(0.0, 0.0, 0.5);(0.0, 0.0, 0.5)
4.14384;position;(0.0, 0.0, 0.5);(0.0, 0.0, 0.5)
4.156517;position;(0.0, 0.0, 0.5);(0.0, 0.0, 0.5)
4.168607;position;(0.0, 0.0, 0.5);(0.0, 0.0, 0.5)
4.180531;position;(0.0, 0.0, 0.5);(0.0, 0.0, 0.5)
4.193584;position;(0.0, 0.0, 0.5);(0.0, 0.0, 0.5)
4.207922;position;(0.0, 0.0, 0.5);(0.0, 0.0, 0.5)
4.217484;position;(0.0, 0.0, 0.5);(0.0, 0.0, 0.5)
4.231838;position;(0.0, 0.0, 0.5);(0.0, 0.0, 0.5)
4.243222;position;(0.0, 0.0, 0.5);(0.0, 0.0, 0.5)
4.256922;position;(0.0, 0.0, 0.5);(0.0, 0.0, 0.5)
4.268044;position;(0.0, 0.0, 0.5);(0.0, 0.0, 0.5)
4.281383;position;(0.0, 0.0, 0.5);(0.0, 0.0, 0.5)
4.293091;position;(0.0, 0.0, 0.5);(0.0, 0.0, 0.5)
4.30719;position;(0.0, 0.0, 0.5);(0.0, 0.0, 0.5)
4.321882;position;(0.0, 0.0, 0.5);(0.0, 0.0, 0.5)
4.333234;position;(0.0, 0.0, 0.5);(0.0, 0.0, 0.5)
4.343652;position;(0.0, 0.0, 0.5);(0.0, 0.0, 0.5)
4.357275;position;(0.0, 0.0, 0.5);(0.0, 0.0, 0.5)
4.368906;position;(0.0, 0.0, 0.5);(0.0, 0.0, 0.5)
4.381436;position;(0.0, 0.0, 0.5);(0.0, 0.0, 0.5)
4.394312;position;(0.0, 0.0, 0.5);(0.0, 0.0, 0.5)
4.410162;position;(0.0, 0.0, 0.5);(0.0, 0.0, 0.5)
4.435624;position;(0.0, 0.0, 0.5);(0.0, 0.0, 0.5)
4.446012;position;(0.0, 0.0, 0.5);(0.0, 0.0, 0.5)
4.456306;position;(0.0, 0.0, 0.5);(0.0, 0.0, 0.5)
4.467943;position;(0.0, 0.0, 0.5);(0.0, 0.0, 0.5)
4.480838;position;(0.0, 0.0, 0.5);(0.0, 0.0, 0.5)
4.493146;position;(0.0, 0.0, 0.5);(0.0, 0.0, 0.5)
4.504417;position;(0.0, 0.0, 0.5);(0.0, 0.0, 0.5)
4.518286;position;(0.0, 0.0, 0.5);(0.0, 0.0, 0.5)
4.53097;position;(0.0, 0.0, 0.5);(0.0, 0.0, 0.5)
4.542899;position;(0.0, 0.0, 0.5);(0.0, 0.0, 0.5)
4.554936;position;(0.0, 0.0, 0.5);(0.0, 0.0, 0.5)
4.567218;position;(0.0, 0.0, 0.5);(0.0, 0.0, 0.5)
4.579412;position;(0.0, 0.0, 0.5);(0.0, 0.0, 0.5)
4.592768;position;(0.0, 0.0, 0.5);(0.0, 0.0, 0.5)
4.606941;position;(0.0, 0.0, 0.5);(0.0, 0.0, 0.5)
4.618159;position;(0.0, 0.0, 0.5);(0.0, 0.0, 0.5)
4.630249;position;(0.0, 0.0, 0.5);(0.0, 0.0, 0.5)
4.642514;position;(0.0, 0.0, 0.5);(0.0, 0.0, 0.5)
4.655075;position;(0.0, 0.0, 0.5);(0.0, 0.0, 0.5)
4.666737;position;(0.0, 0.0, 0.5);(0.0, 0.0, 0.5)
4.679262;position;(0.0, 0.0, 0.5);(0.0, 0.0, 0.5)
4.692547;position;(0.0, 0.0, 0.5);(0.0, 0.0, 0.5)
4.706499;position;(0.0, 0.0, 0.5);(0.0, 0.0, 0.5)
4.717356;position;(0.0, 0.0, 0.5);(0.0, 0.0, 0.5)
4.728935;position;(0.0, 0.0, 0.5);(0.0, 0.0, 0.5)
4.742234;position;(0.0, 0.0, 0.5);(0.0, 0.0, 0.5)
4.754852;position;(0.0, 0.0, 0.5);(0.0, 0.0, 0.5)
4.767884;position;(0.0, 0.0, 0.5);(0.0, 0.0, 0.5)
4.780081;position;(0.0, 0.0, 0.5);(0.0, 0.0, 0.5)
4.793483;position;(0.0, 0.0, 0.5);(0.0, 0.0, 0.5)
4.806065;position;(0.0, 0.0, 0.5);(0.0, 0.0, 0.5)
4.818333;position;(0.0, 0.0, 0.5);(0.0, 0.0, 0.5)
4.831868;position;(0.0, 0.0, 0.5);(0.0, 0.0, 0.5)
4.842634;position;(0.0, 0.0, 0.5);(0.0, 0.0, 0.5)
4.855865;position;(0.0, 0.0, 0.5);(0.0, 0.0, 0.5)
4.868031;position;(0.0, 0.0, 0.5);(0.0, 0.0, 0.5)
4.880226;position;(0.0, 0.0, 0.5);(0.0, 0.0, 0.5)
4.892491;position;(0.0, 0.0, 0.5);(0.0, 0.0, 0.5)
4.906173;position;(0.0, 0.0, 0.5);(0.0, 0.0, 0.5)
4.917649;position;(0.0, 0.0, 0.5);(0.0, 0.0, 0.5)
4.929276;position;(0.0, 0.0, 0.5);(0.0, 0.0, 0.5)
4.944812;position;(0.0, 0.0, 0.5);(0.0, 0.0, 0.5)
4.955474;position;(0.0, 0.0, 0.5);(0.0, 0.0, 0.5)
4.967286;position;(0.0, 0.0, 0.5);(0.0, 0.0, 0.5)
4.979987;position;(0.0, 0.0, 0.5);(0.0, 0.0, 0.5)
4.992668;position;(0.0, 0.0, 0.5);(0.0, 0.0, 0.5)
5.005802;position;(0.0, 0.0, 0.5);(0.0, 0.0, 0.5)
5.018315;position;(0.0, 0.0, 0.5);(0.0, 0.0, 0.5)
5.031022;position;(0.0, 0.0, 0.5);(0.0, 0.0, 0.5)
5.04449;position;(0.0, 0.0, 0.5);(0.0, 0.0, 0.5)
5.056065;position;(0.0, 0.0, 0.5);(0.0, 0.0, 0.5)
5.067118;position;(0.0, 0.0, 0.5);(0.0, 0.0, 0.5)
5.079472;position;(0.0, 0.0, 0.5);(0.0, 0.0, 0.5)
5.092483;position;(0.0, 0.0, 0.5);(0.0, 0.0, 0.5)
5.106562;position;(0.0, 0.0, 0.5);(0.0, 0.0, 0.5)
5.117685;position;(0.0, 0.0, 0.5);(0.0, 0.0, 0.5)
5.129984;position;(0.0, 0.0, 0.5);(0.0, 0.0, 0.5)
5.142721;position;(0.0, 0.0, 0.5);(0.0, 0.0, 0.5)
5.156445;position;(0.0, 0.0, 0.5);(0.0, 0.0, 0.5)
5.167784;position;(0.0, 0.0, 0.5);(0.0, 0.0, 0.5)
5.179907;position;(0.0, 0.0, 0.5);(0.0, 0.0, 0.5)
5.192786;position;(0.0, 0.0, 0.5);(0.0, 0.0, 0.5)
5.206187;position;(0.0, 0.0, 0.5);(0.0, 0.0, 0.5)
5.218019;position;(0.0, 0.0, 0.5);(0.0, 0.0, 0.5)
5.231798;position;(0.0, 0.0, 0.5);(0.0, 0.0, 0.5)
5.244739;position;(0.0, 0.0, 0.5);(0.0, 0.0, 0.5)
5.256451;position;(0.0, 0.0, 0.5);(0.0, 0.0, 0.5)
5.268273;position;(0.0, 0.0, 0.5);(0.0, 0.0, 0.5)
5.281442;position;(0.0, 0.0, 0.5);(0.0, 0.0, 0.5)
5.321473;position;(0.0, 0.0, 0.5);(0.0, 0.0, 0.5)
5.333783;position;(0.0, 0.0, 0.5);(0.0, 0.0, 0.5)
5.353661;position;(0.0, 0.0, 0.5);(0.0, 0.0, 0.5)
5.366189;position;(0.0, 0.0, 0.5);(0.0, 0.0, 0.5)
5.379601;position;(0.0, 0.0, 0.5);(0.0, 0.0, 0.5)
5.391908;position;(0.0, 0.0, 0.5);(0.0, 0.0, 0.5)
5.404232;position;(0.0, 0.0, 0.5);(0.0, 0.0, 0.5)
5.416457;position;(0.0, 0.0, 0.5);(0.0, 0.0, 0.5)
5.429445;position;(0.0, 0.0, 0.5);(0.0, 0.0, 0.5)
5.44215;position;(0.0, 0.0, 0.5);(0.0, 0.0, 0.5)
5.457071;position;(0.0, 0.0, 0.5);(0.0, 0.0, 0.5)
5.46684;position;(0.0, 0.0, 0.5);(0.0, 0.0, 0.5)
5.478921;position;(0.0, 0.0, 0.5);(0.0, 0.0, 0.5)
5.492334;position;(0.0, 0.0, 0.5);(0.0, 0.0, 0.5)
5.504103;position;(0.0, 0.0, 0.5);(0.0, 0.0, 0.5)
5.516585;position;(0.0, 0.0, 0.5);(0.0, 0.0, 0.5)
5.528462;position;(0.0, 0.0, 0.5);(0.0, 0.0, 0.5)
5.542202;position;(0.0, 0.0, 0.5);(0.0, 0.0, 0.5)
5.554105;position;(0.0, 0.0, 0.5);(0.0, 0.0, 0.5)
5.566816;position;(0.0, 0.0, 0.5);(0.0, 0.0, 0.5)
5.579289;position;(0.0, 0.0, 0.5);(0.0, 0.0, 0.5)
5.592301;position;(0.0, 0.0, 0.5);(0.0, 0.0, 0.5)
5.60364;position;(0.0, 0.0, 0.5);(0.0, 0.0, 0.5)
5.616742;position;(0.0, 0.0, 0.5);(0.0, 0.0, 0.5)
5.628073;position;(0.0, 0.0, 0.5);(0.0, 0.0, 0.5)
5.642272;position;(0.0, 0.0, 0.5);(0.0, 0.0, 0.5)
5.664606;position;(0.0, 0.0, 0.5);(0.0, 0.0, 0.5)
5.67807;position;(0.0, 0.0, 0.5);(0.0, 0.0, 0.5)
5.691289;position;(0.0, 0.0, 0.5);(0.0, 0.0, 0.5)
5.7031;position;(0.0, 0.0, 0.5);(0.0, 0.0, 0.5)
5.715788;position;(0.0, 0.0, 0.5);(0.0, 0.0, 0.5)
5.728539;position;(0.0, 0.0, 0.5);(0.0, 0.0, 0.5)
5.741204;position;(0.0, 0.0, 0.5);(0.0, 0.0, 0.5)
5.75293;position;(0.0, 0.0, 0.5);(0.0, 0.0, 0.5)
5.766034;position;(0.0, 0.0, 0.5);(0.0, 0.0, 0.5)
5.778283;position;(0.0, 0.0, 0.5);(0.0, 0.0, 0.5)
5.791236;position;(0.0, 0.0, 0.5);(0.0, 0.0, 0.5)
5.802788;position;(0.0, 0.0, 0.5);(0.0, 0.0, 0.5)
5.815714;position;(0.0, 0.0, 0.5);(0.0, 0.0, 0.5)
5.828643;position;(0.0, 0.0, 0.5);(0.0, 0.0, 0.5)
5.841491;position;(0.0, 0.0, 0.5);(0.0, 0.0, 0.5)
5.853049;position;(0.0, 0.0, 0.5);(0.0, 0.0, 0.5)
5.867782;position;(0.0, 0.0, 0.5);(0.0, 0.0, 0.5)
5.879972;position;(0.0, 0.0, 0.5);(0.0, 0.0, 0.5)
5.89197;position;(0.0, 0.0, 0.5);(0.0, 0.0, 0.5)
5.904188;position;(0.0, 0.0, 0.5);(0.0, 0.0, 0.5)
5.915632;position;(0.0, 0.0, 0.5);(0.0, 0.0, 0.5)
5.927391;position;(0.0, 0.0, 0.5);(0.0, 0.0, 0.5)
5.941233;position;(0.0, 0.0, 0.5);(0.0, 0.0, 0.5)
5.954125;position;(0.0, 0.0, 0.5);(0.0, 0.0, 0.5)
5.96524;position;(0.0, 0.0, 0.5);(0.0, 0.0, 0.5)
5.977496;position;(0.0, 0.0, 0.5);(0.0, 0.0, 0.5)
5.990774;position;(0.0, 0.0, 0.5);(0.0, 0.0, 0.5)
6.002894;position;(0.0, 0.0, 0.5);(0.0, 0.0, 0.5)
6.016909;position;(0.0, 0.0, 0.5);(0.0, 0.0, 0.5)
6.028174;position;(0.0, 0.0, 0.5);(0.0, 0.0, 0.5)
6.041793;position;(0.0, 0.0, 0.5);(0.0, 0.0, 0.5)
6.05276;position;(0.0, 0.0, 0.5);(0.0, 0.0, 0.5)
6.066136;position;(0.0, 0.0, 0.5);(0.0, 0.0, 0.5)
6.081239;position;(0.0, 0.0, 0.5);(0.0, 0.0, 0.5)
6.091681;position;(0.0, 0.0, 0.5);(0.0, 0.0, 0.5)
6.102859;position;(0.0, 0.0, 0.5);(0.0, 0.0, 0.5)
6.115786;position;(0.0, 0.0, 0.5);(0.0, 0.0, 0.5)
6.129552;position;(0.0, 0.0, 0.5);(0.0, 0.0, 0.5)
6.142268;position;(0.0, 0.0, 0.5);(0.0, 0.0, 0.5)
6.15346;position;(0.0, 0.0, 0.5);(0.0, 0.0, 0.5)
6.166005;position;(0.0, 0.0, 0.5);(0.0, 0.0, 0.5)
6.178855;position;(0.0, 0.0, 0.5);(0.0, 0.0, 0.5)
6.19394;position;(0.0, 0.0, 0.5);(0.0, 0.0, 0.5)
6.203694;position;(0.0, 0.0, 0.5);(0.0, 0.0, 0.5)
6.216651;position;(0.0, 0.0, 0.5);(0.0, 0.0, 0.5)
6.228996;position;(0.0, 0.0, 0.5);(0.0, 0.0, 0.5)
6.243263;position;(0.0, 0.0, 0.5);(0.0, 0.0, 0.5)
6.256795;position;(0.0, 0.0, 0.5);(0.0, 0.0, 0.5)
6.267403;position;(0.0, 0.0, 0.5);(0.0, 0.0, 0.5)
6.282804;position;(0.0, 0.0, 0.5);(0.0, 0.0, 0.5)
6.293628;position;(0.0, 0.0, 0.5);(0.0, 0.0, 0.5)
6.303336;position;(0.0, 0.0, 0.5);(0.0, 0.0, 0.5)
6.315345;position;(0.0, 0.0, 0.5);(0.0, 0.0, 0.5)
6.328725;position;(0.0, 0.0, 0.5);(0.0, 0.0, 0.5)
6.341951;position;(0.0, 0.0, 0.5);(0.0, 0.0, 0.5)
6.356331;position;(0.0, 0.0, 0.5);(0.0, 0.0, 0.5)
6.36605;position;(0.0, 0.0, 0.5);(0.0, 0.0, 0.5)
6.378432;position;(0.0, 0.0, 0.5);(0.0, 0.0, 0.5)
6.392225;position;(0.0, 0.0, 0.5);(0.0, 0.0, 0.5)
6.404192;position;(0.0, 0.0, 0.5);(0.0, 0.0, 0.5)
6.41642;position;(0.0, 0.0, 0.5);(0.0, 0.0, 0.5)
6.430115;position;(0.0, 0.0, 0.5);(0.0, 0.0, 0.5)
6.44242;position;(0.0, 0.0, 0.5);(0.0, 0.0, 0.5)
6.455914;position;(0.0, 0.0, 0.5);(0.0, 0.0, 0.5)
6.467495;position;(0.0, 0.0, 0.5);(0.0, 0.0, 0.5)
6.480997;position;(0.0, 0.0, 0.5);(0.0, 0.0, 0.5)
6.491966;position;(0.0, 0.0, 0.5);(0.0, 0.0, 0.5)
6.503903;position;(0.0, 0.0, 0.5);(0.0, 0.0, 0.5)
6.517045;position;(0.0, 0.0, 0.5);(0.0, 0.0, 0.5)
6.529363;position;(0.0, 0.0, 0.5);(0.0, 0.0, 0.5)
6.542929;position;(0.0, 0.0, 0.5);(0.0, 0.0, 0.5)
6.55371;position;(0.0, 0.0, 0.5);(0.0, 0.0, 0.5)
6.566726;position;(0.0, 0.0, 0.5);(0.0, 0.0, 0.5)
6.580224;position;(0.0, 0.0, 0.5);(0.0, 0.0, 0.5)
6.593794;position;(0.0, 0.0, 0.5);(0.0, 0.0, 0.5)
6.604066;position;(0.0, 0.0, 0.5);(0.0, 0.0, 0.5)
6.616499;position;(0.0, 0.0, 0.5);(0.0, 0.0, 0.5)
6.630025;position;(0.0, 0.0, 0.5);(0.0, 0.0, 0.5)
6.642994;position;(0.0, 0.0, 0.5);(0.0, 0.0, 0.5)
6.655969;position;(0.0, 0.0, 0.5);(0.0, 0.0, 0.5)
6.667209;position;(0.0, 0.0, 0.5);(0.0, 0.0, 0.5)
6.679616;position;(0.0, 0.0, 0.5);(0.0, 0.0, 0.5)
6.694851;position;(0.0, 0.0, 0.5);(0.0, 0.0, 0.5)
6.707343;position;(0.0, 0.0, 0.5);(0.0, 0.0, 0.5)
6.718407;position;(0.0, 0.0, 0.5);(0.0, 0.0, 0.5)
6.729732;position;(0.0, 0.0, 0.5);(0.0, 0.0, 0.5)
6.743759;position;(0.0, 0.0, 0.5);(0.0, 0.0, 0.5)
6.75437;position;(0.0, 0.0, 0.5);(0.0, 0.0, 0.5)
6.768236;position;(0.0, 0.0, 0.5);(0.0, 0.0, 0.5)
6.779264;position;(0.0, 0.0, 0.5);(0.0, 0.0, 0.5)
6.792553;position;(0.0, 0.0, 0.5);(0.0, 0.0, 0.5)
6.804919;position;(0.0, 0.0, 0.5);(0.0, 0.0, 0.5)
6.818264;position;(0.0, 0.0, 0.5);(0.0, 0.0, 0.5)
6.82931;position;(0.0, 0.0, 0.5);(0.0, 0.0, 0.5)
6.841925;position;(0.0, 0.0, 0.5);(0.0, 0.0, 0.5)
6.853739;position;(0.0, 0.0, 0.5);(0.0, 0.0, 0.5)
6.866463;position;(0.0, 0.0, 0.5);(0.0, 0.0, 0.5)
6.88104;position;(0.0, 0.0, 0.5);(0.0, 0.0, 0.5)
6.894394;position;(0.0, 0.0, 0.5);(0.0, 0.0, 0.5)
6.904912;position;(0.0, 0.0, 0.5);(0.0, 0.0, 0.5)
6.917033;position;(0.0, 0.0, 0.5);(0.0, 0.0, 0.5)
6.929918;position;(0.0, 0.0, 0.5);(0.0, 0.0, 0.5)
6.942085;position;(0.0, 0.0, 0.5);(0.0, 0.0, 0.5)
6.956195;position;(0.0, 0.0, 0.5);(0.0, 0.0, 0.5)
6.967211;position;(0.0, 0.0, 0.5);(0.0, 0.0, 0.5)
6.980727;position;(0.0, 0.0, 0.5);(0.0, 0.0, 0.5)
6.992965;position;(0.0, 0.0, 0.5);(0.0, 0.0, 0.5)
7.004319;position;(0.0, 0.0, 0.5);(0.0, 0.0, 0.5)
7.018009;position;(0.0, 0.0, 0.5);(0.0, 0.0, 0.5)
7.03003;position;(0.0, 0.0, 0.5);(0.0, 0.0, 0.5)
7.042135;position;(0.0, 0.0, 0.5);(0.0, 0.0, 0.5)
7.054649;position;(0.0, 0.0, 0.5);(0.0, 0.0, 0.5)
7.067155;position;(0.0, 0.0, 0.5);(0.0, 0.0, 0.5)
7.079828;position;(0.0, 0.0, 0.5);(0.0, 0.0, 0.5)
7.093442;position;(0.0, 0.0, 0.5);(0.0, 0.0, 0.5)
7.113692;position;(0.0, 0.0, 0.5);(0.0, 0.0, 0.5)
7.125618;position;(0.0, 0.0, 0.5);(0.0, 0.0, 0.5)
7.136472;position;(0.0, 0.0, 0.5);(0.0, 0.0, 0.5)
7.14486;position;(0.0, 0.0, 0.5);(0.0, 0.0, 0.5)
7.156407;position;(0.0, 0.0, 0.5);(0.0, 0.0, 0.5)
7.169749;position;(0.0, 0.0, 0.5);(0.0, 0.0, 0.5)
7.180375;position;(0.0, 0.0, 0.5);(0.0, 0.0, 0.5)
7.193202;position;(0.0, 0.0, 0.5);(0.0, 0.0, 0.5)
7.205636;position;(0.0, 0.0, 0.5);(0.0, 0.0, 0.5)
7.219844;position;(0.0, 0.0, 0.5);(0.0, 0.0, 0.5)
7.231303;position;(0.0, 0.0, 0.5);(0.0, 0.0, 0.5)
7.243105;position;(0.0, 0.0, 0.5);(0.0, 0.0, 0.5)
7.25583;position;(0.0, 0.0, 0.5);(0.0, 0.0, 0.5)
7.267606;position;(0.0, 0.0, 0.5);(0.0, 0.0, 0.5)
7.281283;position;(0.0, 0.0, 0.5);(0.0, 0.0, 0.5)
7.294111;position;(0.0, 0.0, 0.5);(0.0, 0.0, 0.5)
7.306384;position;(0.0, 0.0, 0.5);(0.0, 0.0, 0.5)
7.316914;position;(0.0, 0.0, 0.5);(0.0, 0.0, 0.5)
7.32968;position;(0.0, 0.0, 0.5);(0.0, 0.0, 0.5)
7.342743;position;(0.0, 0.0, 0.5);(0.0, 0.0, 0.5)
7.354329;position;(0.0, 0.0, 0.5);(0.0, 0.0, 0.5)
7.367909;position;(0.0, 0.0, 0.5);(0.0, 0.0, 0.5)
7.379741;position;(0.0, 0.0, 0.5);(0.0, 0.0, 0.5)
7.393796;position;(0.0, 0.0, 0.5);(0.0, 0.0, 0.5)
7.405925;position;(0.0, 0.0, 0.5);(0.0, 0.0, 0.5)
7.417862;position;(0.0, 0.0, 0.5);(0.0, 0.0, 0.5)
7.429891;position;(0.0, 0.0, 0.5);(0.0, 0.0, 0.5)
7.442554;position;(0.0, 0.0, 0.5);(0.0, 0.0, 0.5)
7.456399;position;(0.0, 0.0, 0.5);(0.0, 0.0, 0.5)
7.467516;position;(0.0, 0.0, 0.5);(0.0, 0.0, 0.5)
7.479383;position;(0.0, 0.0, 0.5);(0.0, 0.0, 0.5)
7.492663;position;(0.0, 0.0, 0.5);(0.0, 0.0, 0.5)
7.505417;position;(0.0, 0.0, 0.5);(0.0, 0.0, 0.5)
7.519182;position;(0.0, 0.0, 0.5);(0.0, 0.0, 0.5)
7.52984;position;(0.0, 0.0, 0.5);(0.0, 0.0, 0.5)
7.544228;position;(0.0, 0.0, 0.5);(0.0, 0.0, 0.5)
7.556113;position;(0.0, 0.0, 0.5);(0.0, 0.0, 0.5)
7.569249;position;(0.0, 0.0, 0.5);(0.0, 0.0, 0.5)
7.58188;position;(0.0, 0.0, 0.5);(0.0, 0.0, 0.5)
7.592906;position;(0.0, 0.0, 0.5);(0.0, 0.0, 0.5)
7.603925;position;(0.0, 0.0, 0.5);(0.0, 0.0, 0.5)
7.617085;position;(0.0, 0.0, 0.5);(0.0, 0.0, 0.5)
7.630011;position;(0.0, 0.0, 0.5);(0.0, 0.0, 0.5)
7.642585;position;(0.0, 0.0, 0.5);(0.0, 0.0, 0.5)
7.655218;position;(0.0, 0.0, 0.5);(0.0, 0.0, 0.5)
7.666995;position;(0.0, 0.0, 0.5);(0.0, 0.0, 0.5)
7.680272;position;(0.0, 0.0, 0.5);(0.0, 0.0, 0.5)
7.693482;position;(0.0, 0.0, 0.5);(0.0, 0.0, 0.5)
7.705946;position;(0.0, 0.0, 0.5);(0.0, 0.0, 0.5)
7.719662;position;(0.0, 0.0, 0.5);(0.0, 0.0, 0.5)
7.730663;position;(0.0, 0.0, 0.5);(0.0, 0.0, 0.5)
7.743035;position;(0.0, 0.0, 0.5);(0.0, 0.0, 0.5)
7.755879;position;(0.0, 0.0, 0.5);(0.0, 0.0, 0.5)
7.768298;position;(0.0, 0.0, 0.5);(0.0, 0.0, 0.5)
7.780432;position;(0.0, 0.0, 0.5);(0.0, 0.0, 0.5)
7.794055;position;(0.0, 0.0, 0.5);(0.0, 0.0, 0.5)
7.806128;position;(0.0, 0.0, 0.5);(0.0, 0.0, 0.5)
7.818542;position;(0.0, 0.0, 0.5);(0.0, 0.0, 0.5)
7.830889;position;(0.0, 0.0, 0.5);(0.0, 0.0, 0.5)
7.842832;position;(0.0, 0.0, 0.5);(0.0, 0.0, 0.5)
7.856382;position;(0.0, 0.0, 0.5);(0.0, 0.0, 0.5)
7.86805;position;(0.0, 0.0, 0.5);(0.0, 0.0, 0.5)
7.881622;position;(0.0, 0.0, 0.5);(0.0, 0.0, 0.5)
7.89487;position;(0.0, 0.0, 0.5);(0.0, 0.0, 0.5)
7.906744;position;(0.0, 0.0, 0.5);(0.0, 0.0, 0.5)
7.921225;position;(0.0, 0.0, 0.5);(0.0, 0.0, 0.5)
7.932282;position;(0.0, 0.0, 0.5);(0.0, 0.0, 0.5)
7.943323;position;(0.0, 0.0, 0.5);(0.0, 0.0, 0.5)
7.957152;position;(0.0, 0.0, 0.5);(0.0, 0.0, 0.5)
7.968243;position;(0.0, 0.0, 0.5);(0.0, 0.0, 0.5)
7.979164;position;(0.0, 0.0, 0.5);(0.0, 0.0, 0.5)
7.992544;position;(0.0, 0.0, 0.5);(0.0, 0.0, 0.5)
8.004836;position;(0.0, 0.0, 0.5);(0.0, 0.0, 0.5)
8.018028;position;(0.0, 0.0, 0.5);(0.0, 0.0, 0.5)
8.029487;position;(0.0, 0.0, 0.5);(0.0, 0.0, 0.5)
8.042021;position;(0.0, 0.0, 0.5);(0.0, 0.0, 0.5)
8.055106;position;(0.0, 0.0, 0.5);(0.0, 0.0, 0.5)
8.067183;position;(0.0, 0.0, 0.5);(0.0, 0.0, 0.5)
8.080373;position;(0.0, 0.0, 0.5);(0.0, 0.0, 0.5)
8.09254;position;(0.0, 0.0, 0.5);(0.0, 0.0, 0.5)
8.106686;position;(0.0, 0.0, 0.5);(0.0, 0.0, 0.5)
8.117855;position;(0.0, 0.0, 0.5);(0.0, 0.0, 0.5)
8.132128;position;(0.0, 0.0, 0.5);(0.0, 0.0, 0.5)
8.144652;position;(0.0, 0.0, 0.5);(0.0, 0.0, 0.5)
8.155746;position;(0.0, 0.0, 0.5);(0.0, 0.0, 0.5)
8.16853;position;(0.0, 0.0, 0.5);(0.0, 0.0, 0.5)
8.180423;position;(0.0, 0.0, 0.5);(0.0, 0.0, 0.5)
8.193128;position;(0.0, 0.0, 0.5);(0.0, 0.0, 0.5)
8.207708;position;(0.0, 0.0, 0.5);(0.0, 0.0, 0.5)
8.217769;position;(0.0, 0.0, 0.5);(0.0, 0.0, 0.5)
8.229951;position;(0.0, 0.0, 0.5);(0.0, 0.0, 0.5)
8.24303;position;(0.0, 0.0, 0.5);(0.0, 0.0, 0.5)
8.25599;position;(0.0, 0.0, 0.5);(0.0, 0.0, 0.5)
8.266797;position;(0.0, 0.0, 0.5);(0.0, 0.0, 0.5)
8.280501;position;(0.0, 0.0, 0.5);(0.0, 0.0, 0.5)
8.294164;position;(0.0, 0.0, 0.5);(0.0, 0.0, 0.5)
8.306703;position;(0.0, 0.0, 0.5);(0.0, 0.0, 0.5)
8.31866;position;(0.0, 0.0, 0.5);(0.0, 0.0, 0.5)
8.335114;position;(0.0, 0.0, 0.5);(0.0, 0.0, 0.5)
8.347127;position;(0.0, 0.0, 0.5);(0.0, 0.0, 0.5)
8.357234;position;(0.0, 0.0, 0.5);(0.0, 0.0, 0.5)
8.366843;position;(0.0, 0.0, 0.5);(0.0, 0.0, 0.5)
8.379641;position;(0.0, 0.0, 0.5);(0.0, 0.0, 0.5)
8.393255;position;(0.0, 0.0, 0.5);(0.0, 0.0, 0.5)
8.405745;position;(0.0, 0.0, 0.5);(0.0, 0.0, 0.5)
8.417293;position;(0.0, 0.0, 0.5);(0.0, 0.0, 0.5)
8.430026;position;(0.0, 0.0, 0.5);(0.0, 0.0, 0.5)
8.442938;position;(0.0, 0.0, 0.5);(0.0, 0.0, 0.5)
8.45601;position;(0.0, 0.0, 0.5);(0.0, 0.0, 0.5)
8.470135;position;(0.0, 0.0, 0.5);(0.0, 0.0, 0.5)
8.492515;position;(0.0, 0.0, 0.5);(0.0, 0.0, 0.5)
8.505424;position;(0.0, 0.0, 0.5);(0.0, 0.0, 0.5)
8.517884;position;(0.0, 0.0, 0.5);(0.0, 0.0, 0.5)
8.530032;position;(0.0, 0.0, 0.5);(0.0, 0.0, 0.5)
8.545878;position;(0.0, 0.0, 0.5);(0.0, 0.0, 0.5)
8.555503;position;(0.0, 0.0, 0.5);(0.0, 0.0, 0.5)
8.566896;position;(0.0, 0.0, 0.5);(0.0, 0.0, 0.5)
8.579252;position;(0.0, 0.0, 0.5);(0.0, 0.0, 0.5)
8.593876;position;(0.0, 0.0, 0.5);(0.0, 0.0, 0.5)
8.606405;position;(0.0, 0.0, 0.5);(0.0, 0.0, 0.5)
8.617023;position;(0.0, 0.0, 0.5);(0.0, 0.0, 0.5)
8.630144;position;(0.0, 0.0, 0.5);(0.0, 0.0, 0.5)
8.642281;position;(0.0, 0.0, 0.5);(0.0, 0.0, 0.5)
8.654661;position;(0.0, 0.0, 0.5);(0.0, 0.0, 0.5)
8.666917;position;(0.0, 0.0, 0.5);(0.0, 0.0, 0.5)
8.679157;position;(0.0, 0.0, 0.5);(0.0, 0.0, 0.5)
8.692445;position;(0.0, 0.0, 0.5);(0.0, 0.0, 0.5)
8.705917;position;(0.0, 0.0, 0.5);(0.0, 0.0, 0.5)
8.717284;position;(0.0, 0.0, 0.5);(0.0, 0.0, 0.5)
8.728968;position;(0.0, 0.0, 0.5);(0.0, 0.0, 0.5)
8.742531;position;(0.0, 0.0, 0.5);(0.0, 0.0, 0.5)
8.756857;position;(0.0, 0.0, 0.5);(0.0, 0.0, 0.5)
8.767815;position;(0.0, 0.0, 0.5);(0.0, 0.0, 0.5)
8.779279;position;(0.0, 0.0, 0.5);(0.0, 0.0, 0.5)
8.791993;position;(0.0, 0.0, 0.5);(0.0, 0.0, 0.5)
8.804504;position;(0.0, 0.0, 0.5);(0.0, 0.0, 0.5)
8.817533;position;(0.0, 0.0, 0.5);(0.0, 0.0, 0.5)
8.830308;position;(0.0, 0.0, 0.5);(0.0, 0.0, 0.5)
8.842327;position;(0.0, 0.0, 0.5);(0.0, 0.0, 0.5)
8.854371;position;(0.0, 0.0, 0.5);(0.0, 0.0, 0.5)
8.867658;position;(0.0, 0.0, 0.5);(0.0, 0.0, 0.5)
8.879694;position;(0.0, 0.0, 0.5);(0.0, 0.0, 0.5)
8.892293;position;(0.0, 0.0, 0.5);(0.0, 0.0, 0.5)
8.905144;position;(0.0, 0.0, 0.5);(0.0, 0.0, 0.5)
8.91701;position;(0.0, 0.0, 0.5);(0.0, 0.0, 0.5)
8.929735;position;(0.0, 0.0, 0.5);(0.0, 0.0, 0.5)
8.942574;position;(0.0, 0.0, 0.5);(0.0, 0.0, 0.5)
8.958128;position;(0.0, 0.0, 0.5);(0.0, 0.0, 0.5)
8.967299;position;(0.0, 0.0, 0.5);(0.0, 0.0, 0.5)
8.980138;position;(0.0, 0.0, 0.5);(0.0, 0.0, 0.5)
8.992852;position;(0.0, 0.0, 0.5);(0.0, 0.0, 0.5)
9.004916;position;(0.0, 0.0, 0.5);(0.0, 0.0, 0.5)
9.017971;position;(0.0, 0.0, 0.5);(0.0, 0.0, 0.5)
9.03052;position;(0.0, 0.0, 0.5);(0.0, 0.0, 0.5)
9.043083;position;(0.0, 0.0, 0.5);(0.0, 0.0, 0.5)
9.05658;position;(0.0, 0.0, 0.5);(0.0, 0.0, 0.5)
9.068576;position;(0.0, 0.0, 0.5);(0.0, 0.0, 0.5)
9.081388;position;(0.0, 0.0, 0.5);(0.0, 0.0, 0.5)
9.094449;position;(0.0, 0.0, 0.5);(0.0, 0.0, 0.5)
9.107014;position;(0.0, 0.0, 0.5);(0.0, 0.0, 0.5)
9.118399;position;(0.0, 0.0, 0.5);(0.0, 0.0, 0.5)
9.129701;position;(0.0, 0.0, 0.5);(0.0, 0.0, 0.5)
9.142826;position;(0.0, 0.0, 0.5);(0.0, 0.0, 0.5)
9.159241;position;(0.0, 0.0, 0.5);(0.0, 0.0, 0.5)
9.169296;position;(0.0, 0.0, 0.5);(0.0, 0.0, 0.5)
9.179249;position;(0.0, 0.0, 0.5);(0.0, 0.0, 0.5)
9.192582;position;(0.0, 0.0, 0.5);(0.0, 0.0, 0.5)
9.205508;position;(0.0, 0.0, 0.5);(0.0, 0.0, 0.5)
9.217112;position;(0.0, 0.0, 0.5);(0.0, 0.0, 0.5)
9.229167;position;(0.0, 0.0, 0.5);(0.0, 0.0, 0.5)
9.241851;position;(0.0, 0.0, 0.5);(0.0, 0.0, 0.5)
9.255147;position;(0.0, 0.0, 0.5);(0.0, 0.0, 0.5)
9.267819;position;(0.0, 0.0, 0.5);(0.0, 0.0, 0.5)
9.280015;position;(0.0, 0.0, 0.5);(0.0, 0.0, 0.5)
9.292117;position;(0.0, 0.0, 0.5);(0.0, 0.0, 0.5)
9.305849;position;(0.0, 0.0, 0.5);(0.0, 0.0, 0.5)
9.318068;position;(0.0, 0.0, 0.5);(0.0, 0.0, 0.5)
9.330622;position;(0.0, 0.0, 0.5);(0.0, 0.0, 0.5)
9.342964;position;(0.0, 0.0, 0.5);(0.0, 0.0, 0.5)
9.35798;position;(0.0, 0.0, 0.5);(0.0, 0.0, 0.5)
9.367781;position;(0.0, 0.0, 0.5);(0.0, 0.0, 0.5)
9.379986;position;(0.0, 0.0, 0.5);(0.0, 0.0, 0.5)
9.394032;position;(0.0, 0.0, 0.5);(0.0, 0.0, 0.5)
9.406721;position;(0.0, 0.0, 0.5);(0.0, 0.0, 0.5)
9.417667;position;(0.0, 0.0, 0.5);(0.0, 0.0, 0.5)
9.429661;position;(0.0, 0.0, 0.5);(0.0, 0.0, 0.5)
9.442428;position;(0.0, 0.0, 0.5);(0.0, 0.0, 0.5)
9.456908;position;(0.0, 0.0, 0.5);(0.0, 0.0, 0.5)
9.467273;position;(0.0, 0.0, 0.5);(0.0, 0.0, 0.5)
9.479704;position;(0.0, 0.0, 0.5);(0.0, 0.0, 0.5)
9.495019;position;(0.0, 0.0, 0.5);(0.0, 0.0, 0.5)
9.505987;position;(0.0, 0.0, 0.5);(0.0, 0.0, 0.5)
9.51903;position;(0.0, 0.0, 0.5);(0.0, 0.0, 0.5)
9.530448;position;(0.0, 0.0, 0.5);(0.0, 0.0, 0.5)
9.542793;position;(0.0, 0.0, 0.5);(0.0, 0.0, 0.5)
9.55474;position;(0.0, 0.0, 0.5);(0.0, 0.0, 0.5)
9.569732;position;(0.0, 0.0, 0.5);(0.0, 0.0, 0.5)
9.579205;position;(0.0, 0.0, 0.5);(0.0, 0.0, 0.5)
9.592672;position;(0.0, 0.0, 0.5);(0.0, 0.0, 0.5)
9.606076;position;(0.0, 0.0, 0.5);(0.0, 0.0, 0.5)
9.617599;position;(0.0, 0.0, 0.5);(0.0, 0.0, 0.5)
9.630209;position;(0.0, 0.0, 0.5);(0.0, 0.0, 0.5)
9.643196;position;(0.0, 0.0, 0.5);(0.0, 0.0, 0.5)
9.65659;position;(0.0, 0.0, 0.5);(0.0, 0.0, 0.5)
9.667229;position;(0.0, 0.0, 0.5);(0.0, 0.0, 0.5)
9.680998;position;(0.0, 0.0, 0.5);(0.0, 0.0, 0.5)
9.693162;position;(0.0, 0.0, 0.5);(0.0, 0.0, 0.5)
9.705806;position;(0.0, 0.0, 0.5);(0.0, 0.0, 0.5)
9.725265;position;(0.0, 0.0, 0.5);(0.0, 0.0, 0.5)
9.735115;position;(0.0, 0.0, 0.5);(0.0, 0.0, 0.5)
9.744514;position;(0.0, 0.0, 0.5);(0.0, 0.0, 0.5)
9.756266;position;(0.0, 0.0, 0.5);(0.0, 0.0, 0.5)
9.770231;position;(0.0, 0.0, 0.5);(0.0, 0.0, 0.5)
9.781074;position;(0.0, 0.0, 0.5);(0.0, 0.0, 0.5)
9.794036;position;(0.0, 0.0, 0.5);(0.0, 0.0, 0.5)
9.805388;position;(0.0, 0.0, 0.5);(0.0, 0.0, 0.5)
9.818558;position;(0.0, 0.0, 0.5);(0.0, 0.0, 0.5)
9.830434;position;(0.0, 0.0, 0.5);(0.0, 0.0, 0.5)
9.843486;position;(0.0, 0.0, 0.5);(0.0, 0.0, 0.5)
9.856102;position;(0.0, 0.0, 0.5);(0.0, 0.0, 0.5)
9.867015;position;(0.0, 0.0, 0.5);(0.0, 0.0, 0.5)
9.879318;position;(0.0, 0.0, 0.5);(0.0, 0.0, 0.5)
9.893367;position;(0.0, 0.0, 0.5);(0.0, 0.0, 0.5)
9.90537;position;(0.0, 0.0, 0.5);(0.0, 0.0, 0.5)
9.917416;position;(0.0, 0.0, 0.5);(0.0, 0.0, 0.5)
9.929171;position;(0.0, 0.0, 0.5);(0.0, 0.0, 0.5)
9.941957;position;(0.0, 0.0, 0.5);(0.0, 0.0, 0.5)
9.955726;position;(0.0, 0.0, 0.5);(0.0, 0.0, 0.5)
9.967669;position;(0.0, 0.0, 0.5);(0.0, 0.0, 0.5)
9.982137;position;(0.0, 0.0, 0.5);(0.0, 0.0, 0.5)
9.992035;position;(0.0, 0.0, 0.5);(0.0, 0.0, 0.5)
10.00581;position;(0.0, 0.0, 0.5);(0.0, 0.0, 0.5)
10.01853;position;(0.0, 0.0, 0.5);(0.0, 0.0, 0.5)
10.03027;position;(0.0, 0.0, 0.5);(0.0, 0.0, 0.5)
10.04314;position;(0.0, 0.0, 0.5);(0.0, 0.0, 0.5)
10.05545;position;(0.0, 0.0, 0.5);(0.0, 0.0, 0.5)
10.06721;position;(0.0, 0.0, 0.5);(0.0, 0.0, 0.5)
10.08008;position;(0.0, 0.0, 0.5);(0.0, 0.0, 0.5)
10.09222;position;(0.0, 0.0, 0.5);(0.0, 0.0, 0.5)
10.10517;position;(0.0, 0.0, 0.5);(0.0, 0.0, 0.5)
10.11665;position;(0.0, 0.0, 0.5);(0.0, 0.0, 0.5)
10.12957;position;(0.0, 0.0, 0.5);(0.0, 0.0, 0.5)
10.14264;position;(0.0, 0.0, 0.5);(0.0, 0.0, 0.5)
10.15546;position;(0.0, 0.0, 0.5);(0.0, 0.0, 0.5)
10.16811;position;(0.0, 0.0, 0.5);(0.0, 0.0, 0.5)
10.18337;position;(0.0, 0.0, 0.5);(0.0, 0.0, 0.5)
10.19362;position;(0.0, 0.0, 0.5);(0.0, 0.0, 0.5)
10.20565;position;(0.0, 0.0, 0.5);(0.0, 0.0, 0.5)
10.21775;position;(0.0, 0.0, 0.5);(0.0, 0.0, 0.5)
10.23146;position;(0.0, 0.0, 0.5);(0.0, 0.0, 0.5)
10.24269;position;(0.0, 0.0, 0.5);(0.0, 0.0, 0.5)
10.25619;position;(0.0, 0.0, 0.5);(0.0, 0.0, 0.5)
10.26726;position;(0.0, 0.0, 0.5);(0.0, 0.0, 0.5)
10.28051;position;(0.0, 0.0, 0.5);(0.0, 0.0, 0.5)
10.29346;position;(0.0, 0.0, 0.5);(0.0, 0.0, 0.5)
10.30695;position;(0.0, 0.0, 0.5);(0.0, 0.0, 0.5)
10.31744;position;(0.0, 0.0, 0.5);(0.0, 0.0, 0.5)
10.32976;position;(0.0, 0.0, 0.5);(0.0, 0.0, 0.5)
10.34332;position;(0.0, 0.0, 0.5);(0.0, 0.0, 0.5)
10.35578;position;(0.0, 0.0, 0.5);(0.0, 0.0, 0.5)
10.36763;position;(0.0, 0.0, 0.5);(0.0, 0.0, 0.5)
10.3793;position;(0.0, 0.0, 0.5);(0.0, 0.0, 0.5)
10.39418;position;(0.0, 0.0, 0.5);(0.0, 0.0, 0.5)
10.40549;position;(0.0, 0.0, 0.5);(0.0, 0.0, 0.5)
10.41848;position;(0.0, 0.0, 0.5);(0.0, 0.0, 0.5)
10.43103;position;(0.0, 0.0, 0.5);(0.0, 0.0, 0.5)
10.44275;position;(0.0, 0.0, 0.5);(0.0, 0.0, 0.5)
10.45608;position;(0.0, 0.0, 0.5);(0.0, 0.0, 0.5)
10.46798;position;(0.0, 0.0, 0.5);(0.0, 0.0, 0.5)
10.48083;position;(0.0, 0.0, 0.5);(0.0, 0.0, 0.5)
10.49292;position;(0.0, 0.0, 0.5);(0.0, 0.0, 0.5)
10.50549;position;(0.0, 0.0, 0.5);(0.0, 0.0, 0.5)
10.51699;position;(0.0, 0.0, 0.5);(0.0, 0.0, 0.5)
10.5304;position;(0.0, 0.0, 0.5);(0.0, 0.0, 0.5)
10.5433;position;(0.0, 0.0, 0.5);(0.0, 0.0, 0.5)
10.55542;position;(0.0, 0.0, 0.5);(0.0, 0.0, 0.5)
10.56731;position;(0.0, 0.0, 0.5);(0.0, 0.0, 0.5)
10.5799;position;(0.0, 0.0, 0.5);(0.0, 0.0, 0.5)
10.59539;position;(0.0, 0.0, 0.5);(0.0, 0.0, 0.5)
10.60682;position;(0.0, 0.0, 0.5);(0.0, 0.0, 0.5)
10.64433;position;(0.0, 0.0, 0.5);(0.0, 0.0, 0.5)
10.65673;position;(0.0, 0.0, 0.5);(0.0, 0.0, 0.5)
10.66807;position;(0.0, 0.0, 0.5);(0.0, 0.0, 0.5)
10.67933;position;(0.0, 0.0, 0.5);(0.0, 0.0, 0.5)
10.69208;position;(0.0, 0.0, 0.5);(0.0, 0.0, 0.5)
10.70555;position;(0.0, 0.0, 0.5);(0.0, 0.0, 0.5)
10.71762;position;(0.0, 0.0, 0.5);(0.0, 0.0, 0.5)
10.72937;position;(0.0, 0.0, 0.5);(0.0, 0.0, 0.5)
10.74207;position;(0.0, 0.0, 0.5);(0.0, 0.0, 0.5)
10.75507;position;(0.0, 0.0, 0.5);(0.0, 0.0, 0.5)
10.76709;position;(0.0, 0.0, 0.5);(0.0, 0.0, 0.5)
10.7794;position;(0.0, 0.0, 0.5);(0.0, 0.0, 0.5)
10.7915;position;(0.0, 0.0, 0.5);(0.0, 0.0, 0.5)
10.80622;position;(0.0, 0.0, 0.5);(0.0, 0.0, 0.5)
10.81688;position;(0.0, 0.0, 0.5);(0.0, 0.0, 0.5)
10.82963;position;(0.0, 0.0, 0.5);(0.0, 0.0, 0.5)
10.84118;position;(0.0, 0.0, 0.5);(0.0, 0.0, 0.5)
10.85383;position;(0.0, 0.0, 0.5);(0.0, 0.0, 0.5)
10.86664;position;(0.0, 0.0, 0.5);(0.0, 0.0, 0.5)
10.8786;position;(0.0, 0.0, 0.5);(0.0, 0.0, 0.5)
10.89194;position;(0.0, 0.0, 0.5);(0.0, 0.0, 0.5)
10.90339;position;(0.0, 0.0, 0.5);(0.0, 0.0, 0.5)
10.91604;position;(0.0, 0.0, 0.5);(0.0, 0.0, 0.5)
10.9295;position;(0.0, 0.0, 0.5);(0.0, 0.0, 0.5)
10.94177;position;(0.0, 0.0, 0.5);(0.0, 0.0, 0.5)
10.95489;position;(0.0, 0.0, 0.5);(0.0, 0.0, 0.5)
10.96609;position;(0.0, 0.0, 0.5);(0.0, 0.0, 0.5)
10.97867;position;(0.0, 0.0, 0.5);(0.0, 0.0, 0.5)
10.99192;position;(0.0, 0.0, 0.5);(0.0, 0.0, 0.5)
11.0064;position;(0.0, 0.0, 0.5);(0.0, 0.0, 0.5)
11.01749;position;(0.0, 0.0, 0.5);(0.0, 0.0, 0.5)
11.02989;position;(0.0, 0.0, 0.5);(0.0, 0.0, 0.5)
11.04317;position;(0.0, 0.0, 0.5);(0.0, 0.0, 0.5)
11.05522;position;(0.0, 0.0, 0.5);(0.0, 0.0, 0.5)
11.0666;position;(0.0, 0.0, 0.5);(0.0, 0.0, 0.5)
11.079;position;(0.0, 0.0, 0.5);(0.0, 0.0, 0.5)
11.09392;position;(0.0, 0.0, 0.5);(0.0, 0.0, 0.5)
11.10655;position;(0.0, 0.0, 0.5);(0.0, 0.0, 0.5)
11.11808;position;(0.0, 0.0, 0.5);(0.0, 0.0, 0.5)
11.1302;position;(0.0, 0.0, 0.5);(0.0, 0.0, 0.5)
11.1426;position;(0.0, 0.0, 0.5);(0.0, 0.0, 0.5)
11.16687;position;(0.0, 0.0, 0.5);(0.0, 0.0, 0.5)
11.17696;position;(0.0, 0.0, 0.5);(0.0, 0.0, 0.5)
11.18476;position;(0.0, 0.0, 0.5);(0.0, 0.0, 0.5)
11.19343;position;(0.0, 0.0, 0.5);(0.0, 0.0, 0.5)
11.20609;position;(0.0, 0.0, 0.5);(0.0, 0.0, 0.5)
11.21617;position;(0.0, 0.0, 0.5);(0.0, 0.0, 0.5)
11.22786;position;(0.0, 0.0, 0.5);(0.0, 0.0, 0.5)
11.24119;position;(0.0, 0.0, 0.5);(0.0, 0.0, 0.5)
11.25398;position;(0.0, 0.0, 0.5);(0.0, 0.0, 0.5)
11.26662;position;(0.0, 0.0, 0.5);(0.0, 0.0, 0.5)
11.27911;position;(0.0, 0.0, 0.5);(0.0, 0.0, 0.5)
11.29191;position;(0.0, 0.0, 0.5);(0.0, 0.0, 0.5)
11.30307;position;(0.0, 0.0, 0.5);(0.0, 0.0, 0.5)
11.31575;position;(0.0, 0.0, 0.5);(0.0, 0.0, 0.5)
11.32866;position;(0.0, 0.0, 0.5);(0.0, 0.0, 0.5)
11.34125;position;(0.0, 0.0, 0.5);(0.0, 0.0, 0.5)
11.35322;position;(0.0, 0.0, 0.5);(0.0, 0.0, 0.5)
11.3658;position;(0.0, 0.0, 0.5);(0.0, 0.0, 0.5)
11.37993;position;(0.0, 0.0, 0.5);(0.0, 0.0, 0.5)
11.39361;position;(0.0, 0.0, 0.5);(0.0, 0.0, 0.5)
11.40888;position;(0.0, 0.0, 0.5);(0.0, 0.0, 0.5)
11.42204;position;(0.0, 0.0, 0.5);(0.0, 0.0, 0.5)
11.4339;position;(0.0, 0.0, 0.5);(0.0, 0.0, 0.5)
11.44517;position;(0.0, 0.0, 0.5);(0.0, 0.0, 0.5)
11.45704;position;(0.0, 0.0, 0.5);(0.0, 0.0, 0.5)
11.46605;position;(0.0, 0.0, 0.5);(0.0, 0.0, 0.5)
11.47785;position;(0.0, 0.0, 0.5);(0.0, 0.0, 0.5)
11.49123;position;(0.0, 0.0, 0.5);(0.0, 0.0, 0.5)
11.50358;position;(0.0, 0.0, 0.5);(0.0, 0.0, 0.5)
11.51685;position;(0.0, 0.0, 0.5);(0.0, 0.0, 0.5)
11.52764;position;(0.0, 0.0, 0.5);(0.0, 0.0, 0.5)
11.5414;position;(0.0, 0.0, 0.5);(0.0, 0.0, 0.5)
11.55376;position;(0.0, 0.0, 0.5);(0.0, 0.0, 0.5)
11.56567;position;(0.0, 0.0, 0.5);(0.0, 0.0, 0.5)
11.57851;position;(0.0, 0.0, 0.5);(0.0, 0.0, 0.5)
11.59097;position;(0.0, 0.0, 0.5);(0.0, 0.0, 0.5)
11.6034;position;(0.0, 0.0, 0.5);(0.0, 0.0, 0.5)
11.61866;position;(0.0, 0.0, 0.5);(0.0, 0.0, 0.5)
11.62806;position;(0.0, 0.0, 0.5);(0.0, 0.0, 0.5)
11.64182;position;(0.0, 0.0, 0.5);(0.0, 0.0, 0.5)
11.65293;position;(0.0, 0.0, 0.5);(0.0, 0.0, 0.5)
11.66619;position;(0.0, 0.0, 0.5);(0.0, 0.0, 0.5)
11.67967;position;(0.0, 0.0, 0.5);(0.0, 0.0, 0.5)
11.69108;position;(0.0, 0.0, 0.5);(0.0, 0.0, 0.5)
11.70403;position;(0.0, 0.0, 0.5);(0.0, 0.0, 0.5)
11.71679;position;(0.0, 0.0, 0.5);(0.0, 0.0, 0.5)
11.72974;position;(0.0, 0.0, 0.5);(0.0, 0.0, 0.5)
11.7422;position;(0.0, 0.0, 0.5);(0.0, 0.0, 0.5)
11.75399;position;(0.0, 0.0, 0.5);(0.0, 0.0, 0.5)
11.76684;position;(0.0, 0.0, 0.5);(0.0, 0.0, 0.5)
11.78001;position;(0.0, 0.0, 0.5);(0.0, 0.0, 0.5)
11.79207;position;(0.0, 0.0, 0.5);(0.0, 0.0, 0.5)
11.80449;position;(0.0, 0.0, 0.5);(0.0, 0.0, 0.5)
11.81855;position;(0.0, 0.0, 0.5);(0.0, 0.0, 0.5)
11.82984;position;(0.0, 0.0, 0.5);(0.0, 0.0, 0.5)
11.84304;position;(0.0, 0.0, 0.5);(0.0, 0.0, 0.5)
11.85419;position;(0.0, 0.0, 0.5);(0.0, 0.0, 0.5)
11.86707;position;(0.0, 0.0, 0.5);(0.0, 0.0, 0.5)
11.87891;position;(0.0, 0.0, 0.5);(0.0, 0.0, 0.5)
11.89266;position;(0.0, 0.0, 0.5);(0.0, 0.0, 0.5)
11.90571;position;(0.0, 0.0, 0.5);(0.0, 0.0, 0.5)
11.9168;position;(0.0, 0.0, 0.5);(0.0, 0.0, 0.5)
11.92906;position;(0.0, 0.0, 0.5);(0.0, 0.0, 0.5)
11.94193;position;(0.0, 0.0, 0.5);(0.0, 0.0, 0.5)
11.95615;position;(0.0, 0.0, 0.5);(0.0, 0.0, 0.5)
11.96751;position;(0.0, 0.0, 0.5);(0.0, 0.0, 0.5)
11.97907;position;(0.0, 0.0, 0.5);(0.0, 0.0, 0.5)
11.9929;position;(0.0, 0.0, 0.5);(0.0, 0.0, 0.5)
12.00504;position;(0.0, 0.0, 0.5);(0.0, 0.0, 0.5)
12.01984;position;(0.0, 0.0, 0.5);(0.0, 0.0, 0.5)
12.02974;position;(0.0, 0.0, 0.5);(0.0, 0.0, 0.5)
12.04235;position;(0.0, 0.0, 0.5);(0.0, 0.0, 0.5)
12.05471;position;(0.0, 0.0, 0.5);(0.0, 0.0, 0.5)
12.06728;position;(0.0, 0.0, 0.5);(0.0, 0.0, 0.5)
12.07967;position;(0.0, 0.0, 0.5);(0.0, 0.0, 0.5)
12.09263;position;(0.0, 0.0, 0.5);(0.0, 0.0, 0.5)
12.10472;position;(0.0, 0.0, 0.5);(0.0, 0.0, 0.5)
12.11724;position;(0.0, 0.0, 0.5);(0.0, 0.0, 0.5)
12.13008;position;(0.0, 0.0, 0.5);(0.0, 0.0, 0.5)
12.14254;position;(0.0, 0.0, 0.5);(0.0, 0.0, 0.5)
12.15417;position;(0.0, 0.0, 0.5);(0.0, 0.0, 0.5)
12.16698;position;(0.0, 0.0, 0.5);(0.0, 0.0, 0.5)
