0;(0.000, -1.600, 0.000);(0.000, -1.600, 0.000);(0.000, 1.000, 0.000, 0.000);(0.000, 1.000, 0.000, 0.000)
0.02;(0.000, -1.600, 0.000);(0.000, -1.600, 0.000);(0.000, 1.000, 0.000, 0.000);(0.000, 1.000, 0.000, 0.000)
0.3533334;(0.000, -1.600, 0.000);(0.000, -1.600, 0.000);(0.000, 1.000, 0.000, 0.000);(0.000, 1.000, 0.000, 0.000)
0.4568574;(-0.105, -0.733, -0.549);(-0.526, -0.496, -0.657);(0.296, 0.879, 0.349, -0.130);(0.513, 0.702, 0.475, -0.140)
0.485038;(-0.104, -0.736, -0.550);(-0.526, -0.497, -0.644);(0.291, 0.891, 0.326, -0.123);(0.430, 0.748, 0.482, -0.153)
0.5067868;(-0.102, -0.741, -0.551);(-0.520, -0.502, -0.628);(0.304, 0.893, 0.308, -0.120);(0.314, 0.797, 0.498, -0.133)
0.5997465;(0.121, -0.346, 0.324);(-0.292, -0.105, 0.268);(0.327, 0.902, 0.265, -0.101);(0.182, 0.837, 0.506, -0.097)
0.6170214;(0.124, -0.356, 0.322);(-0.285, -0.116, 0.278);(0.337, 0.906, 0.240, -0.089);(0.088, 0.855, 0.505, -0.076)
0.657657;(0.123, -0.383, 0.324);(-0.246, -0.170, 0.291);(0.466, 0.860, 0.167, -0.126);(-0.098, 0.887, 0.450, 0.027)
0.7073494;(0.125, -0.409, 0.326);(-0.191, -0.238, 0.300);(0.475, 0.865, 0.142, -0.076);(-0.329, 0.880, 0.309, 0.149)
0.7570732;(0.124, -0.416, 0.330);(-0.171, -0.267, 0.303);(0.477, 0.862, 0.152, -0.078);(-0.464, 0.827, 0.237, 0.210)
0.774078;(0.124, -0.420, 0.332);(-0.161, -0.289, 0.303);(0.447, 0.876, 0.165, -0.070);(-0.515, 0.815, 0.189, 0.189)
0.7949423;(0.126, -0.420, 0.335);(-0.151, -0.310, 0.305);(0.410, 0.890, 0.193, -0.053);(-0.514, 0.833, 0.149, 0.139)
0.8202465;(0.127, -0.424, 0.337);(-0.145, -0.320, 0.311);(0.390, 0.898, 0.202, -0.029);(-0.523, 0.831, 0.145, 0.125)
0.8443347;(0.123, -0.428, 0.338);(-0.134, -0.327, 0.316);(0.388, 0.900, 0.192, -0.040);(-0.510, 0.835, 0.150, 0.145)
0.8568755;(0.121, -0.427, 0.339);(-0.129, -0.328, 0.321);(0.383, 0.903, 0.189, -0.050);(-0.501, 0.834, 0.165, 0.161)
0.8823165;(0.122, -0.428, 0.341);(-0.125, -0.329, 0.323);(0.361, 0.911, 0.194, -0.043);(-0.479, 0.842, 0.180, 0.172)
0.896234;(0.123, -0.428, 0.344);(-0.115, -0.333, 0.327);(0.322, 0.924, 0.205, -0.026);(-0.456, 0.853, 0.177, 0.184)
0.9102662;(0.123, -0.427, 0.346);(-0.109, -0.337, 0.330);(0.288, 0.933, 0.216, -0.009);(-0.439, 0.862, 0.159, 0.196)
0.9230285;(0.123, -0.427, 0.347);(-0.103, -0.340, 0.331);(0.266, 0.938, 0.220, 0.001);(-0.422, 0.870, 0.140, 0.211)
0.9358302;(0.124, -0.428, 0.349);(-0.096, -0.342, 0.332);(0.252, 0.943, 0.218, 0.007);(-0.399, 0.879, 0.125, 0.228)
0.949863;(0.124, -0.428, 0.350);(-0.091, -0.341, 0.333);(0.231, 0.949, 0.213, 0.015);(-0.368, 0.889, 0.118, 0.248)
0.9629486;(0.124, -0.427, 0.351);(-0.090, -0.340, 0.334);(0.224, 0.951, 0.213, 0.022);(-0.346, 0.894, 0.124, 0.256)
0.9754741;(0.125, -0.426, 0.353);(-0.094, -0.338, 0.331);(0.230, 0.948, 0.218, 0.027);(-0.335, 0.898, 0.139, 0.251)
0.9883583;(0.125, -0.426, 0.354);(-0.094, -0.339, 0.331);(0.241, 0.944, 0.224, 0.027);(-0.321, 0.905, 0.157, 0.231)
1.001687;(0.125, -0.425, 0.356);(-0.096, -0.340, 0.328);(0.254, 0.940, 0.228, 0.024);(-0.317, 0.911, 0.157, 0.214)
1.014948;(0.125, -0.425, 0.355);(-0.093, -0.343, 0.327);(0.282, 0.932, 0.228, 0.009);(-0.316, 0.914, 0.137, 0.212)
1.026488;(0.124, -0.425, 0.356);(-0.093, -0.341, 0.326);(0.308, 0.923, 0.229, -0.005);(-0.294, 0.923, 0.133, 0.210)
1.039572;(0.124, -0.425, 0.356);(-0.093, -0.338, 0.327);(0.329, 0.916, 0.227, -0.019);(-0.282, 0.925, 0.147, 0.210)
1.051504;(0.123, -0.425, 0.355);(-0.094, -0.336, 0.327);(0.355, 0.908, 0.223, -0.032);(-0.273, 0.926, 0.159, 0.206)
1.066246;(0.123, -0.424, 0.355);(-0.096, -0.336, 0.328);(0.379, 0.899, 0.215, -0.040);(-0.270, 0.928, 0.168, 0.196)
1.077639;(0.123, -0.426, 0.353);(-0.098, -0.336, 0.326);(0.397, 0.893, 0.206, -0.047);(-0.275, 0.931, 0.166, 0.176)
1.091395;(0.122, -0.425, 0.351);(-0.100, -0.337, 0.322);(0.407, 0.890, 0.198, -0.052);(-0.281, 0.934, 0.161, 0.147)
1.104563;(0.125, -0.426, 0.351);(-0.101, -0.337, 0.320);(0.405, 0.892, 0.196, -0.046);(-0.280, 0.938, 0.160, 0.130)
1.116923;(0.125, -0.427, 0.351);(-0.099, -0.335, 0.321);(0.392, 0.898, 0.196, -0.027);(-0.270, 0.940, 0.163, 0.127)
1.128147;(0.124, -0.425, 0.351);(-0.097, -0.332, 0.323);(0.380, 0.902, 0.202, -0.021);(-0.254, 0.941, 0.173, 0.141)
1.141042;(0.123, -0.423, 0.352);(-0.095, -0.327, 0.324);(0.372, 0.904, 0.208, -0.023);(-0.230, 0.942, 0.190, 0.152)
1.152469;(0.122, -0.421, 0.353);(-0.094, -0.323, 0.324);(0.361, 0.907, 0.215, -0.032);(-0.213, 0.942, 0.204, 0.159)
1.164165;(0.120, -0.418, 0.354);(-0.093, -0.317, 0.324);(0.350, 0.909, 0.225, -0.044);(-0.198, 0.941, 0.219, 0.167)
1.176019;(0.119, -0.415, 0.354);(-0.092, -0.312, 0.325);(0.338, 0.910, 0.236, -0.052);(-0.185, 0.939, 0.232, 0.174)
1.187958;(0.119, -0.412, 0.355);(-0.091, -0.306, 0.325);(0.326, 0.911, 0.247, -0.055);(-0.176, 0.937, 0.243, 0.180)
1.199301;(0.119, -0.409, 0.355);(-0.091, -0.301, 0.325);(0.316, 0.913, 0.254, -0.055);(-0.171, 0.934, 0.253, 0.185)
1.210183;(0.119, -0.408, 0.355);(-0.091, -0.295, 0.325);(0.311, 0.913, 0.257, -0.056);(-0.167, 0.931, 0.263, 0.192)
1.221737;(0.119, -0.406, 0.354);(-0.091, -0.288, 0.327);(0.313, 0.912, 0.259, -0.059);(-0.170, 0.924, 0.277, 0.199)
1.232323;(0.120, -0.404, 0.355);(-0.092, -0.281, 0.328);(0.318, 0.909, 0.262, -0.061);(-0.175, 0.918, 0.295, 0.201)
1.242946;(0.122, -0.402, 0.355);(-0.093, -0.272, 0.328);(0.324, 0.905, 0.268, -0.060);(-0.171, 0.916, 0.313, 0.185)
1.255617;(0.124, -0.401, 0.355);(-0.093, -0.266, 0.326);(0.329, 0.901, 0.276, -0.057);(-0.156, 0.919, 0.322, 0.163)
1.268608;(0.125, -0.399, 0.356);(-0.092, -0.260, 0.326);(0.334, 0.896, 0.287, -0.055);(-0.137, 0.922, 0.328, 0.152)
1.283426;(0.126, -0.397, 0.356);(-0.092, -0.255, 0.328);(0.335, 0.893, 0.295, -0.053);(-0.120, 0.923, 0.333, 0.148)
1.293238;(0.127, -0.396, 0.356);(-0.090, -0.249, 0.330);(0.334, 0.892, 0.301, -0.053);(-0.107, 0.922, 0.342, 0.148)
1.305963;(0.127, -0.394, 0.356);(-0.090, -0.244, 0.331);(0.331, 0.891, 0.306, -0.055);(-0.099, 0.920, 0.350, 0.147)
1.318305;(0.127, -0.394, 0.356);(-0.089, -0.239, 0.332);(0.330, 0.890, 0.309, -0.056);(-0.090, 0.917, 0.360, 0.145)
1.333883;(0.126, -0.393, 0.355);(-0.088, -0.235, 0.333);(0.331, 0.890, 0.307, -0.061);(-0.074, 0.914, 0.374, 0.141)
1.346497;(0.125, -0.392, 0.355);(-0.086, -0.232, 0.333);(0.323, 0.893, 0.306, -0.069);(-0.055, 0.912, 0.383, 0.138)
1.356868;(0.123, -0.392, 0.354);(-0.085, -0.231, 0.331);(0.310, 0.897, 0.305, -0.076);(-0.028, 0.912, 0.388, 0.132)
1.369032;(0.121, -0.393, 0.354);(-0.083, -0.229, 0.329);(0.295, 0.902, 0.303, -0.083);(0.004, 0.914, 0.387, 0.123)
1.382589;(0.120, -0.394, 0.354);(-0.081, -0.228, 0.328);(0.279, 0.907, 0.304, -0.089);(0.035, 0.916, 0.383, 0.115)
1.395019;(0.116, -0.393, 0.354);(-0.080, -0.227, 0.328);(0.262, 0.910, 0.306, -0.095);(0.051, 0.917, 0.379, 0.112)
1.412499;(0.115, -0.393, 0.355);(-0.079, -0.225, 0.328);(0.238, 0.914, 0.310, -0.104);(0.056, 0.918, 0.376, 0.112)
1.427006;(0.116, -0.394, 0.354);(-0.079, -0.225, 0.327);(0.217, 0.919, 0.315, -0.099);(0.055, 0.920, 0.372, 0.113)
1.439306;(0.117, -0.394, 0.353);(-0.078, -0.225, 0.327);(0.210, 0.921, 0.316, -0.092);(0.055, 0.922, 0.367, 0.114)
1.459251;(0.120, -0.395, 0.353);(-0.077, -0.226, 0.326);(0.213, 0.921, 0.314, -0.082);(0.055, 0.924, 0.361, 0.117)
1.474811;(0.123, -0.396, 0.352);(-0.076, -0.226, 0.325);(0.246, 0.917, 0.305, -0.074);(0.049, 0.926, 0.353, 0.123)
1.488991;(0.126, -0.398, 0.351);(-0.075, -0.226, 0.325);(0.279, 0.912, 0.291, -0.070);(0.045, 0.929, 0.344, 0.126)
1.502985;(0.127, -0.400, 0.350);(-0.075, -0.225, 0.325);(0.302, 0.908, 0.280, -0.071);(0.033, 0.932, 0.339, 0.128)
1.518283;(0.131, -0.402, 0.350);(-0.075, -0.225, 0.326);(0.319, 0.906, 0.273, -0.061);(0.017, 0.933, 0.335, 0.132)
1.529426;(0.133, -0.402, 0.350);(-0.075, -0.226, 0.325);(0.339, 0.899, 0.272, -0.054);(0.011, 0.932, 0.336, 0.133)
1.55259;(0.135, -0.403, 0.350);(-0.075, -0.229, 0.324);(0.354, 0.895, 0.269, -0.047);(0.013, 0.935, 0.330, 0.132)
1.568333;(0.135, -0.403, 0.350);(-0.074, -0.230, 0.324);(0.346, 0.897, 0.271, -0.044);(0.021, 0.935, 0.329, 0.131)
1.579427;(0.135, -0.403, 0.350);(-0.072, -0.230, 0.324);(0.332, 0.902, 0.270, -0.047);(0.031, 0.934, 0.330, 0.135)
1.592444;(0.134, -0.404, 0.351);(-0.070, -0.234, 0.324);(0.326, 0.905, 0.269, -0.049);(0.038, 0.934, 0.327, 0.140)
1.605067;(0.134, -0.404, 0.351);(-0.070, -0.235, 0.324);(0.320, 0.907, 0.270, -0.050);(0.040, 0.934, 0.325, 0.144)
1.618286;(0.135, -0.403, 0.352);(-0.070, -0.237, 0.323);(0.316, 0.907, 0.272, -0.051);(0.041, 0.935, 0.322, 0.145)
1.63292;(0.135, -0.404, 0.352);(-0.070, -0.239, 0.322);(0.313, 0.908, 0.273, -0.050);(0.042, 0.936, 0.317, 0.146)
1.646591;(0.135, -0.404, 0.352);(-0.070, -0.241, 0.321);(0.311, 0.909, 0.272, -0.049);(0.040, 0.938, 0.312, 0.146)
1.659501;(0.136, -0.404, 0.352);(-0.070, -0.242, 0.321);(0.310, 0.910, 0.272, -0.047);(0.039, 0.939, 0.310, 0.145)
1.673858;(0.136, -0.404, 0.352);(-0.070, -0.244, 0.320);(0.311, 0.910, 0.271, -0.045);(0.038, 0.940, 0.307, 0.144)
1.687887;(0.136, -0.404, 0.352);(-0.070, -0.246, 0.320);(0.312, 0.910, 0.270, -0.045);(0.037, 0.941, 0.303, 0.145)
1.70154;(0.136, -0.405, 0.353);(-0.069, -0.247, 0.319);(0.314, 0.910, 0.269, -0.046);(0.037, 0.942, 0.300, 0.147)
1.715604;(0.136, -0.405, 0.353);(-0.069, -0.249, 0.319);(0.317, 0.909, 0.268, -0.048);(0.037, 0.943, 0.296, 0.149)
1.731447;(0.136, -0.405, 0.353);(-0.068, -0.250, 0.319);(0.317, 0.908, 0.268, -0.049);(0.033, 0.943, 0.293, 0.152)
1.745411;(0.136, -0.405, 0.353);(-0.067, -0.252, 0.318);(0.316, 0.909, 0.269, -0.048);(0.029, 0.945, 0.287, 0.156)
1.757898;(0.136, -0.405, 0.353);(-0.067, -0.253, 0.317);(0.313, 0.909, 0.270, -0.046);(0.028, 0.945, 0.286, 0.156)
1.770753;(0.137, -0.405, 0.353);(-0.067, -0.254, 0.317);(0.311, 0.910, 0.270, -0.044);(0.026, 0.946, 0.284, 0.156)
1.7835;(0.137, -0.405, 0.353);(-0.067, -0.255, 0.317);(0.310, 0.910, 0.272, -0.044);(0.025, 0.946, 0.283, 0.156)
1.795684;(0.137, -0.404, 0.354);(-0.067, -0.256, 0.316);(0.308, 0.910, 0.274, -0.044);(0.026, 0.946, 0.282, 0.155)
1.810352;(0.137, -0.404, 0.354);(-0.067, -0.257, 0.316);(0.307, 0.910, 0.276, -0.044);(0.028, 0.947, 0.282, 0.154)
1.824942;(0.137, -0.404, 0.354);(-0.067, -0.258, 0.317);(0.307, 0.910, 0.277, -0.045);(0.032, 0.947, 0.281, 0.155)
1.837471;(0.137, -0.404, 0.354);(-0.066, -0.258, 0.317);(0.307, 0.909, 0.277, -0.046);(0.036, 0.946, 0.280, 0.157)
1.851307;(0.136, -0.405, 0.354);(-0.066, -0.259, 0.317);(0.307, 0.910, 0.276, -0.047);(0.038, 0.946, 0.281, 0.157)
1.863703;(0.136, -0.405, 0.354);(-0.066, -0.259, 0.317);(0.307, 0.910, 0.274, -0.047);(0.038, 0.946, 0.282, 0.158)
1.875347;(0.137, -0.405, 0.354);(-0.066, -0.260, 0.317);(0.306, 0.911, 0.274, -0.046);(0.038, 0.946, 0.280, 0.159)
1.887375;(0.138, -0.405, 0.354);(-0.066, -0.261, 0.316);(0.304, 0.911, 0.275, -0.043);(0.038, 0.946, 0.280, 0.159)
1.899529;(0.135, -0.405, 0.353);(-0.066, -0.262, 0.316);(0.300, 0.912, 0.275, -0.044);(0.037, 0.946, 0.280, 0.159)
1.912476;(0.133, -0.405, 0.354);(-0.066, -0.263, 0.315);(0.283, 0.918, 0.273, -0.049);(0.038, 0.947, 0.278, 0.158)
1.92541;(0.133, -0.407, 0.354);(-0.067, -0.264, 0.315);(0.265, 0.923, 0.274, -0.049);(0.038, 0.948, 0.276, 0.156)
1.937648;(0.132, -0.407, 0.354);(-0.067, -0.265, 0.315);(0.260, 0.925, 0.272, -0.051);(0.038, 0.948, 0.274, 0.155)
1.949395;(0.132, -0.407, 0.353);(-0.067, -0.266, 0.314);(0.260, 0.925, 0.270, -0.055);(0.038, 0.949, 0.273, 0.155)
1.960828;(0.132, -0.407, 0.353);(-0.067, -0.267, 0.314);(0.262, 0.925, 0.270, -0.056);(0.039, 0.949, 0.272, 0.155)
1.973747;(0.133, -0.407, 0.354);(-0.068, -0.268, 0.313);(0.264, 0.924, 0.271, -0.055);(0.041, 0.949, 0.271, 0.153)
1.987028;(0.135, -0.406, 0.354);(-0.068, -0.269, 0.313);(0.273, 0.921, 0.274, -0.050);(0.043, 0.950, 0.269, 0.153)
2.001082;(0.137, -0.407, 0.353);(-0.068, -0.269, 0.313);(0.292, 0.915, 0.273, -0.044);(0.044, 0.950, 0.270, 0.154)
2.012523;(0.139, -0.408, 0.352);(-0.068, -0.271, 0.313);(0.313, 0.910, 0.269, -0.036);(0.046, 0.950, 0.268, 0.153)
2.02455;(0.139, -0.410, 0.351);(-0.069, -0.272, 0.312);(0.326, 0.908, 0.262, -0.034);(0.047, 0.950, 0.267, 0.154)
2.036445;(0.138, -0.411, 0.351);(-0.069, -0.273, 0.312);(0.331, 0.908, 0.255, -0.034);(0.047, 0.950, 0.266, 0.153)
2.050869;(0.138, -0.412, 0.350);(-0.069, -0.273, 0.312);(0.326, 0.911, 0.252, -0.035);(0.047, 0.951, 0.265, 0.154)
2.060984;(0.140, -0.413, 0.350);(-0.069, -0.274, 0.312);(0.328, 0.911, 0.249, -0.028);(0.049, 0.951, 0.263, 0.154)
2.072397;(0.140, -0.413, 0.350);(-0.070, -0.275, 0.311);(0.331, 0.910, 0.248, -0.026);(0.050, 0.952, 0.262, 0.153)
2.084718;(0.140, -0.413, 0.350);(-0.070, -0.276, 0.311);(0.332, 0.910, 0.248, -0.028);(0.050, 0.952, 0.261, 0.152)
2.098367;(0.139, -0.413, 0.350);(-0.071, -0.276, 0.311);(0.326, 0.911, 0.251, -0.028);(0.049, 0.953, 0.260, 0.151)
2.108583;(0.139, -0.413, 0.350);(-0.071, -0.277, 0.311);(0.320, 0.912, 0.254, -0.027);(0.048, 0.953, 0.259, 0.150)
2.120677;(0.139, -0.413, 0.350);(-0.072, -0.278, 0.310);(0.317, 0.913, 0.256, -0.027);(0.047, 0.953, 0.258, 0.149)
2.133498;(0.139, -0.413, 0.350);(-0.072, -0.279, 0.310);(0.315, 0.914, 0.256, -0.029);(0.047, 0.954, 0.256, 0.149)
2.145846;(0.138, -0.413, 0.350);(-0.072, -0.280, 0.310);(0.314, 0.914, 0.255, -0.031);(0.048, 0.954, 0.255, 0.149)
2.158525;(0.138, -0.413, 0.350);(-0.072, -0.281, 0.310);(0.311, 0.915, 0.255, -0.034);(0.050, 0.954, 0.254, 0.151)
2.170509;(0.137, -0.413, 0.349);(-0.072, -0.282, 0.310);(0.305, 0.917, 0.255, -0.036);(0.051, 0.954, 0.253, 0.152)
2.182725;(0.137, -0.414, 0.349);(-0.073, -0.283, 0.310);(0.294, 0.921, 0.254, -0.035);(0.051, 0.954, 0.251, 0.152)
2.195024;(0.138, -0.415, 0.348);(-0.073, -0.283, 0.310);(0.284, 0.924, 0.255, -0.030);(0.052, 0.955, 0.251, 0.152)
2.208335;(0.133, -0.414, 0.348);(-0.073, -0.284, 0.310);(0.269, 0.928, 0.253, -0.039);(0.052, 0.955, 0.250, 0.153)
2.219869;(0.132, -0.414, 0.349);(-0.073, -0.284, 0.310);(0.250, 0.933, 0.255, -0.042);(0.053, 0.955, 0.249, 0.153)
2.232718;(0.132, -0.413, 0.349);(-0.074, -0.285, 0.309);(0.245, 0.934, 0.256, -0.044);(0.054, 0.955, 0.249, 0.151)
2.244726;(0.133, -0.413, 0.349);(-0.075, -0.285, 0.309);(0.252, 0.932, 0.258, -0.044);(0.053, 0.955, 0.249, 0.149)
2.25714;(0.135, -0.412, 0.349);(-0.075, -0.285, 0.309);(0.263, 0.928, 0.259, -0.042);(0.052, 0.956, 0.249, 0.148)
2.269403;(0.137, -0.412, 0.349);(-0.075, -0.286, 0.309);(0.275, 0.925, 0.260, -0.037);(0.052, 0.956, 0.249, 0.148)
2.282805;(0.138, -0.413, 0.348);(-0.075, -0.287, 0.309);(0.289, 0.921, 0.260, -0.031);(0.052, 0.956, 0.249, 0.149)
2.294773;(0.140, -0.414, 0.348);(-0.076, -0.288, 0.309);(0.306, 0.916, 0.256, -0.025);(0.053, 0.956, 0.248, 0.149)
2.306969;(0.140, -0.415, 0.347);(-0.076, -0.288, 0.309);(0.319, 0.914, 0.252, -0.023);(0.054, 0.956, 0.246, 0.148)
2.319875;(0.139, -0.416, 0.346);(-0.076, -0.289, 0.309);(0.324, 0.913, 0.246, -0.023);(0.054, 0.957, 0.245, 0.148)
2.332412;(0.138, -0.417, 0.345);(-0.076, -0.289, 0.309);(0.324, 0.915, 0.240, -0.023);(0.054, 0.957, 0.244, 0.149)
2.344974;(0.140, -0.418, 0.345);(-0.076, -0.290, 0.309);(0.326, 0.915, 0.238, -0.017);(0.054, 0.957, 0.244, 0.150)
2.36015;(0.141, -0.417, 0.345);(-0.076, -0.290, 0.309);(0.330, 0.913, 0.238, -0.014);(0.055, 0.957, 0.243, 0.151)
2.373827;(0.141, -0.416, 0.346);(-0.076, -0.291, 0.308);(0.331, 0.912, 0.241, -0.016);(0.056, 0.957, 0.242, 0.151)
2.385481;(0.141, -0.416, 0.347);(-0.077, -0.291, 0.308);(0.325, 0.913, 0.246, -0.016);(0.056, 0.957, 0.242, 0.150)
2.396418;(0.140, -0.416, 0.347);(-0.077, -0.291, 0.308);(0.317, 0.914, 0.251, -0.017);(0.055, 0.957, 0.242, 0.149)
2.407926;(0.139, -0.416, 0.346);(-0.077, -0.292, 0.308);(0.313, 0.916, 0.251, -0.020);(0.055, 0.957, 0.241, 0.148)
2.419743;(0.139, -0.416, 0.346);(-0.077, -0.293, 0.308);(0.309, 0.917, 0.251, -0.023);(0.056, 0.957, 0.241, 0.149)
2.433493;(0.137, -0.416, 0.345);(-0.077, -0.293, 0.308);(0.303, 0.920, 0.249, -0.028);(0.057, 0.958, 0.240, 0.149)
2.447228;(0.137, -0.417, 0.345);(-0.077, -0.294, 0.308);(0.294, 0.923, 0.247, -0.030);(0.057, 0.958, 0.239, 0.150)
2.461204;(0.136, -0.416, 0.345);(-0.077, -0.294, 0.308);(0.289, 0.924, 0.248, -0.027);(0.057, 0.958, 0.238, 0.151)
2.475797;(0.133, -0.415, 0.346);(-0.077, -0.294, 0.308);(0.277, 0.928, 0.245, -0.041);(0.057, 0.958, 0.238, 0.151)
2.489462;(0.132, -0.416, 0.346);(-0.077, -0.295, 0.308);(0.260, 0.933, 0.247, -0.042);(0.057, 0.958, 0.237, 0.151)
2.503973;(0.133, -0.415, 0.346);(-0.076, -0.295, 0.308);(0.262, 0.932, 0.248, -0.042);(0.057, 0.958, 0.237, 0.152)
2.518869;(0.135, -0.415, 0.346);(-0.076, -0.296, 0.308);(0.272, 0.928, 0.250, -0.039);(0.058, 0.958, 0.236, 0.154)
2.532326;(0.137, -0.416, 0.346);(-0.076, -0.296, 0.307);(0.290, 0.923, 0.251, -0.027);(0.060, 0.958, 0.236, 0.154)
2.547454;(0.140, -0.417, 0.345);(-0.076, -0.297, 0.307);(0.305, 0.919, 0.249, -0.018);(0.060, 0.958, 0.235, 0.155)
2.560741;(0.141, -0.418, 0.345);(-0.076, -0.297, 0.307);(0.319, 0.916, 0.244, -0.013);(0.060, 0.958, 0.234, 0.155)
2.575275;(0.141, -0.419, 0.345);(-0.076, -0.297, 0.307);(0.328, 0.913, 0.241, -0.011);(0.059, 0.958, 0.235, 0.155)
2.588951;(0.140, -0.419, 0.345);(-0.076, -0.298, 0.307);(0.331, 0.913, 0.238, -0.012);(0.060, 0.958, 0.234, 0.155)
2.603075;(0.139, -0.420, 0.345);(-0.076, -0.298, 0.307);(0.328, 0.915, 0.236, -0.015);(0.060, 0.958, 0.233, 0.155)
2.617405;(0.141, -0.420, 0.345);(-0.076, -0.298, 0.307);(0.323, 0.916, 0.237, -0.013);(0.059, 0.958, 0.233, 0.155)
2.630991;(0.141, -0.420, 0.345);(-0.075, -0.298, 0.307);(0.324, 0.915, 0.240, -0.010);(0.059, 0.958, 0.233, 0.156)
2.645574;(0.142, -0.420, 0.345);(-0.075, -0.299, 0.307);(0.324, 0.915, 0.241, -0.009);(0.059, 0.958, 0.232, 0.157)
2.660733;(0.142, -0.420, 0.346);(-0.074, -0.300, 0.307);(0.320, 0.916, 0.243, -0.008);(0.060, 0.958, 0.230, 0.159)
2.673258;(0.142, -0.420, 0.345);(-0.074, -0.300, 0.307);(0.320, 0.916, 0.243, -0.008);(0.060, 0.958, 0.230, 0.160)
2.683852;(0.142, -0.421, 0.345);(-0.074, -0.300, 0.307);(0.322, 0.915, 0.242, -0.009);(0.060, 0.958, 0.231, 0.161)
2.694935;(0.142, -0.421, 0.345);(-0.074, -0.300, 0.307);(0.322, 0.915, 0.241, -0.008);(0.061, 0.958, 0.230, 0.161)
2.707714;(0.142, -0.421, 0.345);(-0.074, -0.300, 0.307);(0.323, 0.915, 0.241, -0.008);(0.061, 0.958, 0.230, 0.161)
2.720519;(0.142, -0.421, 0.345);(-0.074, -0.300, 0.307);(0.323, 0.915, 0.241, -0.008);(0.060, 0.958, 0.230, 0.161)
2.731975;(0.143, -0.421, 0.345);(-0.074, -0.300, 0.307);(0.323, 0.915, 0.241, -0.007);(0.061, 0.958, 0.230, 0.161)
2.745326;(0.143, -0.421, 0.345);(-0.073, -0.301, 0.307);(0.324, 0.915, 0.241, -0.006);(0.060, 0.958, 0.230, 0.162)
2.758823;(0.143, -0.422, 0.345);(-0.073, -0.301, 0.307);(0.325, 0.915, 0.240, -0.006);(0.060, 0.958, 0.230, 0.163)
2.771346;(0.143, -0.422, 0.345);(-0.072, -0.301, 0.307);(0.326, 0.915, 0.239, -0.005);(0.062, 0.958, 0.229, 0.164)
2.78541;(0.144, -0.422, 0.345);(-0.072, -0.302, 0.307);(0.326, 0.915, 0.238, -0.004);(0.062, 0.957, 0.229, 0.165)
2.798152;(0.144, -0.421, 0.345);(-0.072, -0.302, 0.307);(0.324, 0.915, 0.240, -0.004);(0.063, 0.957, 0.229, 0.165)
2.810701;(0.145, -0.421, 0.346);(-0.072, -0.302, 0.307);(0.323, 0.914, 0.244, -0.004);(0.063, 0.957, 0.229, 0.165)
2.825655;(0.145, -0.421, 0.346);(-0.072, -0.302, 0.307);(0.322, 0.914, 0.247, -0.003);(0.063, 0.958, 0.229, 0.164)
2.854272;(0.145, -0.421, 0.346);(-0.072, -0.302, 0.307);(0.321, 0.914, 0.247, -0.003);(0.063, 0.958, 0.228, 0.164)
2.868298;(0.145, -0.422, 0.345);(-0.071, -0.303, 0.307);(0.320, 0.916, 0.244, -0.002);(0.064, 0.957, 0.227, 0.166)
2.891271;(0.146, -0.422, 0.345);(-0.071, -0.304, 0.307);(0.320, 0.915, 0.244, -0.002);(0.064, 0.957, 0.227, 0.167)
2.905764;(0.145, -0.421, 0.345);(-0.070, -0.304, 0.306);(0.316, 0.917, 0.245, -0.005);(0.064, 0.958, 0.226, 0.167)
2.918149;(0.145, -0.422, 0.345);(-0.070, -0.304, 0.307);(0.306, 0.920, 0.245, -0.007);(0.065, 0.958, 0.225, 0.168)
2.930924;(0.146, -0.423, 0.345);(-0.070, -0.305, 0.307);(0.294, 0.924, 0.246, -0.005);(0.065, 0.958, 0.225, 0.169)
2.944908;(0.141, -0.421, 0.344);(-0.070, -0.305, 0.307);(0.282, 0.927, 0.247, -0.011);(0.065, 0.957, 0.225, 0.169)
2.959119;(0.140, -0.421, 0.346);(-0.070, -0.305, 0.306);(0.262, 0.932, 0.249, -0.018);(0.065, 0.958, 0.225, 0.168)
2.974053;(0.141, -0.420, 0.345);(-0.070, -0.305, 0.306);(0.255, 0.933, 0.252, -0.019);(0.065, 0.958, 0.225, 0.168)
2.988418;(0.144, -0.420, 0.345);(-0.070, -0.305, 0.306);(0.263, 0.931, 0.253, -0.017);(0.064, 0.958, 0.224, 0.167)
3.00637;(0.145, -0.420, 0.345);(-0.069, -0.305, 0.306);(0.275, 0.927, 0.254, -0.013);(0.064, 0.958, 0.224, 0.168)
3.023376;(0.147, -0.421, 0.345);(-0.069, -0.305, 0.306);(0.296, 0.921, 0.252, -0.003);(0.065, 0.958, 0.224, 0.169)
3.036429;(0.150, -0.422, 0.345);(-0.069, -0.305, 0.307);(0.313, 0.917, 0.248, 0.004);(0.066, 0.957, 0.224, 0.170)
3.048965;(0.150, -0.423, 0.344);(-0.068, -0.306, 0.307);(0.323, 0.914, 0.245, 0.007);(0.066, 0.957, 0.224, 0.171)
3.060288;(0.149, -0.424, 0.344);(-0.068, -0.306, 0.307);(0.327, 0.914, 0.241, 0.007);(0.067, 0.957, 0.224, 0.171)
3.072985;(0.149, -0.425, 0.344);(-0.068, -0.306, 0.307);(0.325, 0.915, 0.239, 0.007);(0.067, 0.957, 0.224, 0.171)
3.084995;(0.151, -0.426, 0.344);(-0.068, -0.306, 0.307);(0.324, 0.916, 0.238, 0.012);(0.067, 0.957, 0.224, 0.171)
3.099273;(0.152, -0.425, 0.344);(-0.068, -0.306, 0.307);(0.327, 0.914, 0.239, 0.014);(0.067, 0.957, 0.224, 0.170)
3.112038;(0.152, -0.424, 0.344);(-0.068, -0.306, 0.307);(0.326, 0.914, 0.241, 0.013);(0.067, 0.957, 0.224, 0.170)
3.123602;(0.151, -0.424, 0.345);(-0.068, -0.306, 0.306);(0.318, 0.916, 0.244, 0.014);(0.067, 0.958, 0.223, 0.170)
3.13655;(0.151, -0.424, 0.344);(-0.069, -0.306, 0.306);(0.314, 0.917, 0.245, 0.012);(0.066, 0.958, 0.223, 0.170)
3.148263;(0.150, -0.424, 0.344);(-0.069, -0.306, 0.306);(0.314, 0.917, 0.245, 0.010);(0.065, 0.958, 0.223, 0.170)
3.162274;(0.150, -0.424, 0.344);(-0.068, -0.306, 0.306);(0.314, 0.917, 0.244, 0.008);(0.066, 0.958, 0.222, 0.170)
3.178088;(0.150, -0.424, 0.344);(-0.068, -0.306, 0.307);(0.314, 0.918, 0.243, 0.007);(0.067, 0.958, 0.222, 0.171)
3.188987;(0.151, -0.424, 0.344);(-0.068, -0.306, 0.307);(0.315, 0.917, 0.243, 0.008);(0.067, 0.957, 0.223, 0.171)
3.201547;(0.151, -0.424, 0.344);(-0.068, -0.306, 0.307);(0.315, 0.917, 0.244, 0.009);(0.068, 0.957, 0.223, 0.172)
3.213815;(0.152, -0.424, 0.345);(-0.068, -0.306, 0.307);(0.313, 0.917, 0.246, 0.010);(0.068, 0.957, 0.223, 0.172)
3.224732;(0.151, -0.423, 0.345);(-0.068, -0.306, 0.307);(0.311, 0.917, 0.248, 0.009);(0.068, 0.957, 0.223, 0.172)
3.236659;(0.151, -0.423, 0.345);(-0.068, -0.307, 0.307);(0.309, 0.918, 0.250, 0.008);(0.068, 0.957, 0.223, 0.172)
3.248669;(0.151, -0.423, 0.345);(-0.068, -0.307, 0.306);(0.306, 0.919, 0.249, 0.007);(0.068, 0.957, 0.222, 0.172)
3.259765;(0.150, -0.424, 0.345);(-0.068, -0.307, 0.306);(0.304, 0.920, 0.249, 0.005);(0.069, 0.957, 0.222, 0.172)
3.272021;(0.147, -0.422, 0.344);(-0.068, -0.307, 0.306);(0.301, 0.921, 0.248, 0.000);(0.068, 0.957, 0.221, 0.172)
3.284811;(0.145, -0.422, 0.345);(-0.068, -0.307, 0.306);(0.286, 0.926, 0.247, -0.013);(0.068, 0.957, 0.221, 0.172)
3.297625;(0.144, -0.422, 0.345);(-0.068, -0.307, 0.306);(0.277, 0.928, 0.249, -0.016);(0.068, 0.957, 0.221, 0.173)
3.311104;(0.145, -0.422, 0.345);(-0.068, -0.307, 0.306);(0.278, 0.927, 0.250, -0.018);(0.069, 0.957, 0.221, 0.173)
3.323735;(0.146, -0.421, 0.345);(-0.068, -0.308, 0.306);(0.281, 0.926, 0.251, -0.017);(0.069, 0.957, 0.221, 0.173)
3.335574;(0.147, -0.422, 0.345);(-0.068, -0.308, 0.306);(0.283, 0.925, 0.251, -0.012);(0.069, 0.957, 0.221, 0.173)
3.346066;(0.148, -0.422, 0.345);(-0.067, -0.308, 0.306);(0.289, 0.924, 0.251, -0.007);(0.068, 0.957, 0.221, 0.173)
3.361277;(0.149, -0.422, 0.345);(-0.067, -0.308, 0.306);(0.300, 0.921, 0.249, -0.002);(0.068, 0.957, 0.221, 0.173)
3.376093;(0.150, -0.423, 0.345);(-0.067, -0.308, 0.307);(0.310, 0.918, 0.246, 0.002);(0.068, 0.957, 0.220, 0.174)
3.389878;(0.150, -0.424, 0.345);(-0.067, -0.308, 0.307);(0.318, 0.916, 0.244, 0.006);(0.068, 0.957, 0.220, 0.175)
3.404501;(0.150, -0.424, 0.344);(-0.066, -0.308, 0.307);(0.324, 0.915, 0.241, 0.005);(0.068, 0.957, 0.220, 0.176)
3.418617;(0.149, -0.425, 0.344);(-0.066, -0.308, 0.307);(0.323, 0.916, 0.239, 0.004);(0.068, 0.957, 0.220, 0.176)
3.434261;(0.151, -0.425, 0.345);(-0.066, -0.308, 0.307);(0.320, 0.916, 0.241, 0.008);(0.068, 0.957, 0.220, 0.176)
3.449515;(0.151, -0.425, 0.345);(-0.066, -0.309, 0.307);(0.324, 0.915, 0.241, 0.010);(0.069, 0.957, 0.220, 0.176)
3.467892;(0.151, -0.425, 0.345);(-0.066, -0.309, 0.307);(0.319, 0.916, 0.243, 0.011);(0.069, 0.957, 0.220, 0.177)
3.488281;(0.151, -0.425, 0.345);(-0.066, -0.309, 0.307);(0.314, 0.918, 0.242, 0.011);(0.068, 0.957, 0.220, 0.177)
3.510353;(0.151, -0.426, 0.345);(-0.066, -0.309, 0.307);(0.317, 0.918, 0.240, 0.010);(0.067, 0.957, 0.219, 0.178)
3.526016;(0.151, -0.426, 0.345);(-0.065, -0.310, 0.307);(0.318, 0.918, 0.239, 0.010);(0.067, 0.957, 0.219, 0.179)
3.54005;(0.152, -0.426, 0.345);(-0.065, -0.310, 0.307);(0.318, 0.917, 0.240, 0.012);(0.068, 0.957, 0.218, 0.179)
3.554998;(0.152, -0.426, 0.345);(-0.065, -0.310, 0.307);(0.318, 0.917, 0.240, 0.014);(0.068, 0.957, 0.218, 0.180)
3.567502;(0.152, -0.426, 0.345);(-0.065, -0.310, 0.308);(0.319, 0.917, 0.240, 0.014);(0.069, 0.957, 0.218, 0.180)
3.580516;(0.152, -0.426, 0.345);(-0.065, -0.310, 0.308);(0.319, 0.917, 0.240, 0.014);(0.069, 0.957, 0.218, 0.180)
3.595644;(0.152, -0.426, 0.345);(-0.065, -0.310, 0.308);(0.319, 0.917, 0.240, 0.014);(0.069, 0.957, 0.218, 0.181)
3.60972;(0.152, -0.426, 0.345);(-0.065, -0.311, 0.308);(0.319, 0.917, 0.240, 0.013);(0.069, 0.957, 0.218, 0.181)
3.622948;(0.152, -0.425, 0.346);(-0.065, -0.311, 0.308);(0.318, 0.917, 0.241, 0.012);(0.069, 0.957, 0.218, 0.181)
3.635607;(0.152, -0.425, 0.346);(-0.065, -0.311, 0.308);(0.316, 0.917, 0.242, 0.011);(0.069, 0.957, 0.217, 0.181)
3.650018;(0.152, -0.424, 0.346);(-0.065, -0.311, 0.308);(0.313, 0.918, 0.244, 0.011);(0.069, 0.957, 0.217, 0.182)
3.660125;(0.152, -0.424, 0.346);(-0.065, -0.311, 0.308);(0.308, 0.919, 0.246, 0.009);(0.069, 0.957, 0.217, 0.182)
3.671726;(0.152, -0.424, 0.346);(-0.065, -0.311, 0.308);(0.303, 0.920, 0.247, 0.009);(0.069, 0.957, 0.217, 0.181)
3.683514;(0.152, -0.424, 0.346);(-0.065, -0.311, 0.308);(0.299, 0.922, 0.247, 0.010);(0.069, 0.957, 0.217, 0.182)
3.697818;(0.148, -0.423, 0.346);(-0.065, -0.311, 0.308);(0.290, 0.925, 0.245, -0.002);(0.069, 0.957, 0.217, 0.182)
3.708785;(0.147, -0.423, 0.346);(-0.064, -0.311, 0.308);(0.278, 0.928, 0.248, -0.006);(0.069, 0.956, 0.217, 0.183)
3.720288;(0.147, -0.423, 0.346);(-0.064, -0.311, 0.308);(0.279, 0.928, 0.248, -0.008);(0.069, 0.956, 0.217, 0.183)
3.733033;(0.148, -0.422, 0.346);(-0.064, -0.311, 0.308);(0.285, 0.926, 0.248, -0.008);(0.069, 0.956, 0.217, 0.184)
3.745299;(0.149, -0.422, 0.346);(-0.064, -0.311, 0.308);(0.289, 0.925, 0.248, -0.005);(0.069, 0.956, 0.218, 0.183)
3.757279;(0.150, -0.422, 0.346);(-0.064, -0.311, 0.308);(0.293, 0.923, 0.249, -0.001);(0.069, 0.956, 0.218, 0.183)
3.770144;(0.151, -0.423, 0.346);(-0.064, -0.311, 0.308);(0.300, 0.921, 0.249, 0.004);(0.068, 0.956, 0.218, 0.184)
3.784885;(0.152, -0.423, 0.346);(-0.064, -0.311, 0.308);(0.310, 0.918, 0.247, 0.008);(0.068, 0.956, 0.218, 0.184)
3.798038;(0.152, -0.424, 0.346);(-0.064, -0.311, 0.308);(0.316, 0.917, 0.245, 0.010);(0.068, 0.956, 0.217, 0.184)
3.812453;(0.151, -0.424, 0.346);(-0.063, -0.311, 0.308);(0.320, 0.916, 0.243, 0.010);(0.068, 0.956, 0.217, 0.185)
3.825227;(0.151, -0.424, 0.346);(-0.063, -0.311, 0.309);(0.320, 0.916, 0.241, 0.009);(0.068, 0.956, 0.217, 0.185)
3.838642;(0.151, -0.424, 0.346);(-0.063, -0.311, 0.309);(0.317, 0.917, 0.240, 0.008);(0.068, 0.956, 0.217, 0.185)
3.852556;(0.153, -0.425, 0.346);(-0.063, -0.312, 0.309);(0.317, 0.917, 0.242, 0.014);(0.068, 0.956, 0.217, 0.186)
3.865752;(0.154, -0.425, 0.346);(-0.063, -0.311, 0.309);(0.321, 0.915, 0.243, 0.016);(0.069, 0.956, 0.217, 0.186)
3.87819;(0.153, -0.425, 0.347);(-0.063, -0.312, 0.309);(0.319, 0.915, 0.244, 0.017);(0.069, 0.956, 0.217, 0.186)
3.892114;(0.153, -0.425, 0.347);(-0.062, -0.312, 0.309);(0.317, 0.916, 0.244, 0.017);(0.069, 0.956, 0.217, 0.187)
3.905986;(0.154, -0.426, 0.347);(-0.062, -0.312, 0.309);(0.320, 0.916, 0.243, 0.017);(0.069, 0.956, 0.217, 0.187)
3.920418;(0.154, -0.426, 0.347);(-0.062, -0.312, 0.310);(0.321, 0.916, 0.241, 0.016);(0.069, 0.956, 0.216, 0.187)
3.934009;(0.154, -0.426, 0.347);(-0.062, -0.312, 0.310);(0.321, 0.916, 0.241, 0.016);(0.069, 0.956, 0.216, 0.187)
3.946769;(0.154, -0.426, 0.347);(-0.062, -0.312, 0.310);(0.319, 0.916, 0.241, 0.016);(0.070, 0.956, 0.216, 0.188)
3.962543;(0.154, -0.426, 0.347);(-0.062, -0.312, 0.310);(0.318, 0.917, 0.242, 0.016);(0.070, 0.956, 0.216, 0.188)
3.977381;(0.154, -0.426, 0.348);(-0.061, -0.312, 0.310);(0.316, 0.917, 0.244, 0.016);(0.070, 0.956, 0.216, 0.188)
3.990487;(0.153, -0.425, 0.348);(-0.061, -0.312, 0.310);(0.311, 0.917, 0.248, 0.013);(0.070, 0.956, 0.216, 0.188)
4.007408;(0.153, -0.426, 0.348);(-0.061, -0.312, 0.310);(0.306, 0.919, 0.249, 0.010);(0.070, 0.956, 0.215, 0.189)
4.019996;(0.152, -0.426, 0.348);(-0.060, -0.313, 0.310);(0.305, 0.920, 0.246, 0.008);(0.071, 0.955, 0.215, 0.189)
4.032235;(0.152, -0.426, 0.348);(-0.060, -0.313, 0.310);(0.303, 0.922, 0.243, 0.006);(0.072, 0.955, 0.215, 0.190)
4.044678;(0.149, -0.425, 0.349);(-0.060, -0.313, 0.310);(0.294, 0.925, 0.242, -0.005);(0.072, 0.955, 0.215, 0.190)
4.057271;(0.149, -0.425, 0.350);(-0.060, -0.313, 0.311);(0.286, 0.926, 0.247, -0.007);(0.073, 0.955, 0.215, 0.190)
4.072086;(0.150, -0.424, 0.350);(-0.059, -0.313, 0.311);(0.290, 0.924, 0.248, -0.008);(0.073, 0.955, 0.214, 0.190)
4.085796;(0.151, -0.424, 0.351);(-0.059, -0.313, 0.311);(0.296, 0.922, 0.249, -0.008);(0.073, 0.955, 0.214, 0.190)
4.099791;(0.152, -0.424, 0.351);(-0.058, -0.313, 0.311);(0.298, 0.921, 0.250, -0.005);(0.073, 0.955, 0.214, 0.190)
4.111484;(0.153, -0.424, 0.351);(-0.058, -0.313, 0.311);(0.304, 0.919, 0.251, -0.001);(0.073, 0.955, 0.213, 0.190)
4.122351;(0.155, -0.425, 0.351);(-0.057, -0.313, 0.311);(0.310, 0.917, 0.251, 0.004);(0.074, 0.955, 0.213, 0.191)
4.135386;(0.156, -0.426, 0.351);(-0.057, -0.312, 0.312);(0.318, 0.914, 0.250, 0.010);(0.074, 0.955, 0.213, 0.192)
4.148062;(0.156, -0.426, 0.351);(-0.056, -0.312, 0.312);(0.326, 0.912, 0.247, 0.012);(0.074, 0.955, 0.215, 0.192)
4.157964;(0.156, -0.427, 0.350);(-0.056, -0.312, 0.312);(0.329, 0.912, 0.243, 0.013);(0.074, 0.955, 0.215, 0.192)
4.169456;(0.156, -0.428, 0.350);(-0.055, -0.312, 0.312);(0.328, 0.913, 0.240, 0.013);(0.075, 0.955, 0.215, 0.193)
4.181327;(0.157, -0.428, 0.351);(-0.055, -0.312, 0.312);(0.327, 0.914, 0.239, 0.013);(0.075, 0.954, 0.215, 0.193)
4.192651;(0.159, -0.429, 0.351);(-0.054, -0.312, 0.313);(0.329, 0.913, 0.239, 0.017);(0.075, 0.954, 0.215, 0.194)
4.203041;(0.159, -0.428, 0.351);(-0.053, -0.312, 0.313);(0.329, 0.913, 0.240, 0.017);(0.076, 0.954, 0.215, 0.195)
4.215794;(0.159, -0.428, 0.351);(-0.053, -0.311, 0.313);(0.325, 0.914, 0.242, 0.018);(0.075, 0.954, 0.215, 0.195)
4.230016;(0.159, -0.428, 0.352);(-0.052, -0.311, 0.313);(0.321, 0.915, 0.244, 0.018);(0.075, 0.954, 0.215, 0.196)
4.24494;(0.159, -0.428, 0.352);(-0.052, -0.311, 0.313);(0.322, 0.915, 0.245, 0.016);(0.075, 0.954, 0.215, 0.197)
4.258921;(0.160, -0.428, 0.352);(-0.052, -0.311, 0.313);(0.323, 0.914, 0.244, 0.016);(0.075, 0.954, 0.215, 0.196)
4.27141;(0.160, -0.427, 0.352);(-0.051, -0.311, 0.313);(0.324, 0.914, 0.244, 0.016);(0.075, 0.954, 0.216, 0.197)
4.282449;(0.161, -0.427, 0.352);(-0.051, -0.311, 0.314);(0.324, 0.914, 0.245, 0.017);(0.075, 0.953, 0.216, 0.197)
4.293119;(0.162, -0.427, 0.353);(-0.049, -0.311, 0.314);(0.326, 0.913, 0.246, 0.018);(0.076, 0.953, 0.216, 0.197)
4.304615;(0.162, -0.427, 0.353);(-0.049, -0.311, 0.314);(0.328, 0.912, 0.246, 0.018);(0.077, 0.953, 0.216, 0.198)
4.316954;(0.163, -0.428, 0.353);(-0.048, -0.311, 0.314);(0.329, 0.912, 0.245, 0.018);(0.078, 0.953, 0.216, 0.198)
4.32956;(0.163, -0.428, 0.353);(-0.048, -0.311, 0.314);(0.328, 0.912, 0.245, 0.018);(0.078, 0.953, 0.216, 0.198)
4.341189;(0.163, -0.428, 0.353);(-0.048, -0.311, 0.314);(0.328, 0.912, 0.245, 0.018);(0.078, 0.953, 0.216, 0.198)
4.354475;(0.163, -0.428, 0.353);(-0.047, -0.311, 0.315);(0.327, 0.913, 0.244, 0.018);(0.077, 0.953, 0.216, 0.198)
4.366937;(0.164, -0.428, 0.353);(-0.047, -0.311, 0.315);(0.327, 0.913, 0.244, 0.018);(0.078, 0.953, 0.215, 0.199)
4.381248;(0.164, -0.428, 0.354);(-0.046, -0.311, 0.315);(0.327, 0.913, 0.244, 0.018);(0.078, 0.953, 0.215, 0.199)
4.393417;(0.165, -0.428, 0.354);(-0.046, -0.311, 0.315);(0.326, 0.912, 0.246, 0.018);(0.078, 0.953, 0.215, 0.199)
4.406412;(0.166, -0.427, 0.355);(-0.045, -0.311, 0.316);(0.326, 0.912, 0.248, 0.018);(0.079, 0.953, 0.215, 0.200)
4.419292;(0.166, -0.427, 0.355);(-0.044, -0.311, 0.316);(0.323, 0.913, 0.249, 0.016);(0.079, 0.953, 0.215, 0.200)
4.432761;(0.166, -0.428, 0.355);(-0.043, -0.312, 0.316);(0.319, 0.914, 0.249, 0.015);(0.079, 0.952, 0.215, 0.201)
4.443632;(0.167, -0.428, 0.355);(-0.043, -0.312, 0.316);(0.318, 0.915, 0.247, 0.014);(0.080, 0.952, 0.215, 0.201)
4.455572;(0.164, -0.429, 0.354);(-0.043, -0.312, 0.316);(0.315, 0.917, 0.245, 0.012);(0.080, 0.952, 0.215, 0.201)
4.469447;(0.163, -0.427, 0.355);(-0.042, -0.312, 0.317);(0.300, 0.922, 0.244, 0.001);(0.080, 0.952, 0.215, 0.202)
4.482182;(0.163, -0.427, 0.355);(-0.042, -0.312, 0.317);(0.292, 0.924, 0.247, 0.001);(0.080, 0.952, 0.214, 0.201)
4.493478;(0.165, -0.427, 0.356);(-0.041, -0.312, 0.317);(0.297, 0.922, 0.248, 0.000);(0.080, 0.952, 0.214, 0.201)
4.506122;(0.166, -0.426, 0.356);(-0.041, -0.312, 0.317);(0.303, 0.920, 0.250, 0.002);(0.080, 0.952, 0.214, 0.202)
4.518156;(0.168, -0.427, 0.356);(-0.040, -0.313, 0.317);(0.307, 0.918, 0.251, 0.007);(0.081, 0.952, 0.214, 0.202)
4.531726;(0.169, -0.427, 0.357);(-0.040, -0.313, 0.318);(0.313, 0.915, 0.253, 0.013);(0.081, 0.952, 0.213, 0.202)
4.543605;(0.171, -0.428, 0.357);(-0.040, -0.313, 0.318);(0.322, 0.912, 0.253, 0.017);(0.081, 0.952, 0.213, 0.202)
4.555846;(0.171, -0.429, 0.357);(-0.039, -0.313, 0.318);(0.331, 0.910, 0.250, 0.021);(0.080, 0.952, 0.213, 0.203)
4.568674;(0.171, -0.429, 0.357);(-0.039, -0.313, 0.318);(0.335, 0.909, 0.247, 0.021);(0.080, 0.953, 0.212, 0.203)
4.582515;(0.170, -0.429, 0.357);(-0.039, -0.313, 0.318);(0.335, 0.910, 0.245, 0.020);(0.080, 0.953, 0.212, 0.203)
4.594391;(0.170, -0.430, 0.357);(-0.038, -0.313, 0.319);(0.333, 0.911, 0.244, 0.019);(0.081, 0.952, 0.212, 0.203)
4.606863;(0.172, -0.430, 0.357);(-0.038, -0.313, 0.319);(0.333, 0.911, 0.243, 0.022);(0.081, 0.952, 0.212, 0.203)
4.618647;(0.173, -0.430, 0.357);(-0.038, -0.313, 0.319);(0.336, 0.910, 0.243, 0.024);(0.081, 0.952, 0.213, 0.203)
4.631963;(0.173, -0.430, 0.357);(-0.038, -0.314, 0.319);(0.335, 0.910, 0.243, 0.024);(0.081, 0.952, 0.212, 0.203)
4.644136;(0.172, -0.430, 0.357);(-0.037, -0.314, 0.319);(0.329, 0.911, 0.245, 0.025);(0.081, 0.953, 0.212, 0.203)
4.656663;(0.172, -0.430, 0.357);(-0.037, -0.314, 0.319);(0.329, 0.912, 0.245, 0.024);(0.081, 0.953, 0.211, 0.204)
4.668937;(0.172, -0.430, 0.357);(-0.037, -0.314, 0.319);(0.330, 0.912, 0.244, 0.022);(0.081, 0.953, 0.211, 0.204)
4.681789;(0.172, -0.430, 0.357);(-0.037, -0.314, 0.319);(0.329, 0.912, 0.244, 0.020);(0.081, 0.953, 0.211, 0.203)
4.694133;(0.172, -0.430, 0.357);(-0.036, -0.314, 0.319);(0.328, 0.912, 0.245, 0.020);(0.082, 0.953, 0.211, 0.203)
4.706721;(0.173, -0.430, 0.357);(-0.036, -0.314, 0.319);(0.328, 0.912, 0.245, 0.020);(0.081, 0.953, 0.211, 0.203)
4.719595;(0.173, -0.430, 0.357);(-0.036, -0.315, 0.319);(0.328, 0.912, 0.244, 0.020);(0.081, 0.953, 0.211, 0.204)
4.731855;(0.173, -0.430, 0.357);(-0.036, -0.315, 0.319);(0.329, 0.912, 0.244, 0.021);(0.082, 0.953, 0.210, 0.204)
4.744739;(0.174, -0.431, 0.357);(-0.036, -0.315, 0.319);(0.330, 0.912, 0.244, 0.023);(0.082, 0.953, 0.210, 0.204)
4.761583;(0.174, -0.431, 0.357);(-0.035, -0.315, 0.319);(0.330, 0.912, 0.243, 0.023);(0.082, 0.953, 0.210, 0.204)
4.775796;(0.174, -0.431, 0.357);(-0.035, -0.315, 0.319);(0.331, 0.912, 0.243, 0.024);(0.082, 0.953, 0.210, 0.204)
4.787915;(0.174, -0.431, 0.358);(-0.035, -0.315, 0.319);(0.331, 0.911, 0.243, 0.024);(0.082, 0.953, 0.210, 0.204)
4.799855;(0.175, -0.431, 0.358);(-0.035, -0.316, 0.319);(0.331, 0.911, 0.244, 0.024);(0.082, 0.953, 0.209, 0.204)
4.813138;(0.175, -0.431, 0.358);(-0.035, -0.316, 0.319);(0.330, 0.912, 0.244, 0.024);(0.082, 0.953, 0.209, 0.205)
4.824977;(0.175, -0.431, 0.358);(-0.035, -0.316, 0.319);(0.329, 0.912, 0.244, 0.024);(0.082, 0.952, 0.209, 0.205)
4.837125;(0.175, -0.431, 0.358);(-0.034, -0.316, 0.319);(0.329, 0.912, 0.244, 0.024);(0.082, 0.952, 0.209, 0.206)
4.848912;(0.175, -0.431, 0.358);(-0.034, -0.316, 0.319);(0.328, 0.912, 0.244, 0.024);(0.083, 0.952, 0.209, 0.206)
4.860072;(0.175, -0.431, 0.358);(-0.034, -0.316, 0.319);(0.329, 0.912, 0.244, 0.025);(0.083, 0.952, 0.209, 0.207)
4.872575;(0.175, -0.431, 0.358);(-0.034, -0.316, 0.319);(0.329, 0.912, 0.244, 0.025);(0.083, 0.952, 0.209, 0.207)
4.884496;(0.176, -0.430, 0.358);(-0.034, -0.316, 0.319);(0.329, 0.912, 0.244, 0.026);(0.083, 0.952, 0.209, 0.207)
4.896206;(0.176, -0.430, 0.358);(-0.034, -0.316, 0.319);(0.330, 0.911, 0.245, 0.026);(0.082, 0.952, 0.208, 0.207)
4.907014;(0.176, -0.431, 0.358);(-0.034, -0.316, 0.319);(0.330, 0.911, 0.245, 0.027);(0.082, 0.952, 0.208, 0.207)
4.918084;(0.176, -0.431, 0.358);(-0.033, -0.316, 0.319);(0.330, 0.911, 0.245, 0.027);(0.082, 0.952, 0.208, 0.207)
4.930142;(0.176, -0.431, 0.358);(-0.033, -0.316, 0.319);(0.330, 0.911, 0.245, 0.026);(0.082, 0.952, 0.208, 0.208)
4.942244;(0.176, -0.431, 0.358);(-0.033, -0.316, 0.319);(0.329, 0.912, 0.245, 0.026);(0.083, 0.952, 0.208, 0.208)
4.955307;(0.176, -0.431, 0.358);(-0.033, -0.316, 0.319);(0.328, 0.912, 0.245, 0.026);(0.083, 0.952, 0.209, 0.208)
4.967641;(0.176, -0.431, 0.358);(-0.033, -0.316, 0.319);(0.327, 0.912, 0.244, 0.027);(0.083, 0.952, 0.209, 0.209)
4.980881;(0.176, -0.431, 0.358);(-0.033, -0.316, 0.318);(0.327, 0.913, 0.244, 0.027);(0.082, 0.952, 0.209, 0.209)
4.994093;(0.176, -0.431, 0.358);(-0.032, -0.316, 0.318);(0.327, 0.913, 0.244, 0.027);(0.082, 0.952, 0.209, 0.209)
5.005872;(0.176, -0.431, 0.358);(-0.032, -0.316, 0.318);(0.327, 0.912, 0.244, 0.027);(0.082, 0.952, 0.209, 0.210)
5.018743;(0.177, -0.431, 0.358);(-0.032, -0.316, 0.318);(0.328, 0.912, 0.245, 0.028);(0.082, 0.952, 0.209, 0.210)
5.032571;(0.177, -0.431, 0.358);(-0.032, -0.316, 0.318);(0.329, 0.912, 0.244, 0.028);(0.082, 0.952, 0.209, 0.210)
5.04377;(0.177, -0.431, 0.358);(-0.032, -0.316, 0.318);(0.329, 0.912, 0.245, 0.029);(0.082, 0.952, 0.209, 0.210)
5.05686;(0.177, -0.431, 0.358);(-0.032, -0.316, 0.318);(0.328, 0.912, 0.245, 0.029);(0.082, 0.951, 0.210, 0.210)
5.06891;(0.177, -0.431, 0.358);(-0.032, -0.316, 0.318);(0.328, 0.912, 0.245, 0.030);(0.081, 0.951, 0.210, 0.210)
5.081805;(0.177, -0.431, 0.358);(-0.032, -0.316, 0.318);(0.327, 0.912, 0.245, 0.030);(0.081, 0.951, 0.210, 0.211)
5.094058;(0.177, -0.431, 0.358);(-0.032, -0.316, 0.318);(0.327, 0.912, 0.245, 0.030);(0.081, 0.951, 0.210, 0.211)
5.106567;(0.177, -0.431, 0.358);(-0.032, -0.316, 0.318);(0.327, 0.912, 0.245, 0.030);(0.081, 0.951, 0.209, 0.211)
5.119218;(0.177, -0.431, 0.358);(-0.032, -0.317, 0.318);(0.328, 0.912, 0.245, 0.030);(0.081, 0.951, 0.209, 0.212)
5.132089;(0.177, -0.431, 0.358);(-0.032, -0.317, 0.318);(0.328, 0.912, 0.245, 0.030);(0.081, 0.951, 0.209, 0.212)
5.144605;(0.177, -0.430, 0.358);(-0.032, -0.317, 0.318);(0.329, 0.912, 0.245, 0.030);(0.081, 0.951, 0.209, 0.212)
5.156474;(0.177, -0.430, 0.358);(-0.032, -0.317, 0.318);(0.328, 0.912, 0.246, 0.030);(0.081, 0.951, 0.209, 0.212)
5.169821;(0.177, -0.430, 0.358);(-0.032, -0.317, 0.318);(0.328, 0.912, 0.246, 0.030);(0.081, 0.951, 0.209, 0.212)
5.181844;(0.177, -0.431, 0.359);(-0.032, -0.318, 0.318);(0.327, 0.912, 0.246, 0.030);(0.081, 0.951, 0.208, 0.212)
5.194306;(0.177, -0.431, 0.358);(-0.032, -0.318, 0.318);(0.327, 0.912, 0.246, 0.031);(0.081, 0.951, 0.207, 0.213)
5.207113;(0.177, -0.431, 0.359);(-0.032, -0.318, 0.318);(0.326, 0.912, 0.246, 0.031);(0.081, 0.951, 0.208, 0.213)
5.219803;(0.177, -0.431, 0.358);(-0.032, -0.318, 0.318);(0.326, 0.912, 0.245, 0.031);(0.081, 0.951, 0.208, 0.213)
5.232904;(0.177, -0.431, 0.358);(-0.032, -0.318, 0.318);(0.326, 0.912, 0.245, 0.031);(0.080, 0.952, 0.207, 0.213)
5.244375;(0.177, -0.431, 0.358);(-0.032, -0.318, 0.318);(0.327, 0.912, 0.245, 0.032);(0.080, 0.952, 0.207, 0.213)
5.256628;(0.177, -0.431, 0.359);(-0.032, -0.318, 0.318);(0.327, 0.912, 0.245, 0.032);(0.080, 0.952, 0.207, 0.213)
5.270111;(0.177, -0.431, 0.359);(-0.032, -0.318, 0.318);(0.327, 0.912, 0.245, 0.032);(0.080, 0.951, 0.207, 0.213)
5.283095;(0.177, -0.431, 0.358);(-0.032, -0.318, 0.318);(0.327, 0.912, 0.245, 0.032);(0.080, 0.951, 0.208, 0.213)
5.297723;(0.177, -0.431, 0.358);(-0.033, -0.318, 0.318);(0.326, 0.913, 0.245, 0.032);(0.081, 0.951, 0.208, 0.213)
5.311376;(0.177, -0.431, 0.358);(-0.033, -0.319, 0.317);(0.326, 0.913, 0.245, 0.032);(0.081, 0.951, 0.208, 0.213)
5.325052;(0.177, -0.431, 0.358);(-0.033, -0.319, 0.317);(0.326, 0.913, 0.245, 0.031);(0.081, 0.952, 0.207, 0.212)
5.340079;(0.176, -0.431, 0.358);(-0.033, -0.319, 0.317);(0.325, 0.913, 0.245, 0.031);(0.081, 0.952, 0.207, 0.212)
5.353462;(0.176, -0.431, 0.358);(-0.033, -0.319, 0.317);(0.325, 0.913, 0.244, 0.032);(0.080, 0.952, 0.207, 0.212)
5.366811;(0.176, -0.431, 0.358);(-0.033, -0.319, 0.317);(0.325, 0.913, 0.244, 0.032);(0.079, 0.952, 0.207, 0.212)
5.37874;(0.177, -0.431, 0.358);(-0.034, -0.319, 0.317);(0.326, 0.913, 0.244, 0.032);(0.079, 0.952, 0.207, 0.212)
5.392264;(0.176, -0.431, 0.358);(-0.034, -0.319, 0.317);(0.327, 0.913, 0.244, 0.032);(0.079, 0.952, 0.207, 0.212)
5.403496;(0.176, -0.431, 0.358);(-0.034, -0.319, 0.317);(0.326, 0.913, 0.244, 0.032);(0.079, 0.952, 0.207, 0.211)
5.4164;(0.176, -0.431, 0.358);(-0.034, -0.319, 0.317);(0.326, 0.913, 0.244, 0.032);(0.079, 0.952, 0.207, 0.212)
5.430344;(0.176, -0.431, 0.358);(-0.034, -0.319, 0.317);(0.326, 0.913, 0.244, 0.032);(0.079, 0.952, 0.207, 0.212)
5.442687;(0.176, -0.431, 0.358);(-0.034, -0.319, 0.317);(0.325, 0.913, 0.244, 0.032);(0.079, 0.952, 0.207, 0.211)
5.455873;(0.176, -0.431, 0.358);(-0.034, -0.319, 0.317);(0.325, 0.913, 0.244, 0.032);(0.079, 0.952, 0.206, 0.211)
5.47089;(0.176, -0.431, 0.358);(-0.034, -0.319, 0.317);(0.326, 0.913, 0.244, 0.031);(0.079, 0.952, 0.206, 0.212)
5.483774;(0.176, -0.431, 0.358);(-0.034, -0.319, 0.317);(0.326, 0.913, 0.244, 0.031);(0.078, 0.952, 0.206, 0.212)
5.497866;(0.176, -0.431, 0.358);(-0.034, -0.319, 0.317);(0.327, 0.912, 0.244, 0.031);(0.078, 0.952, 0.207, 0.212)
5.511384;(0.176, -0.431, 0.358);(-0.035, -0.319, 0.317);(0.327, 0.913, 0.244, 0.032);(0.078, 0.952, 0.207, 0.212)
5.52704;(0.176, -0.431, 0.358);(-0.035, -0.319, 0.317);(0.326, 0.913, 0.245, 0.032);(0.079, 0.952, 0.207, 0.211)
5.554027;(0.176, -0.431, 0.358);(-0.035, -0.319, 0.317);(0.326, 0.913, 0.245, 0.032);(0.078, 0.952, 0.207, 0.211)
5.567301;(0.176, -0.431, 0.358);(-0.035, -0.319, 0.317);(0.326, 0.913, 0.244, 0.032);(0.078, 0.952, 0.207, 0.211)
5.579213;(0.176, -0.431, 0.358);(-0.035, -0.319, 0.317);(0.325, 0.913, 0.244, 0.032);(0.077, 0.952, 0.207, 0.212)
5.591234;(0.176, -0.431, 0.358);(-0.035, -0.319, 0.317);(0.326, 0.913, 0.244, 0.032);(0.077, 0.952, 0.207, 0.212)
5.604695;(0.176, -0.431, 0.358);(-0.035, -0.319, 0.317);(0.326, 0.913, 0.244, 0.032);(0.077, 0.952, 0.207, 0.212)
5.619488;(0.175, -0.431, 0.358);(-0.035, -0.319, 0.317);(0.327, 0.912, 0.244, 0.032);(0.077, 0.952, 0.207, 0.212)
5.634511;(0.175, -0.431, 0.358);(-0.035, -0.319, 0.317);(0.327, 0.912, 0.244, 0.032);(0.077, 0.952, 0.206, 0.212)
5.649477;(0.175, -0.431, 0.358);(-0.035, -0.319, 0.317);(0.327, 0.913, 0.243, 0.032);(0.077, 0.952, 0.206, 0.212)
5.664003;(0.175, -0.431, 0.358);(-0.035, -0.319, 0.317);(0.326, 0.913, 0.244, 0.032);(0.077, 0.952, 0.206, 0.212)
5.676283;(0.175, -0.431, 0.358);(-0.035, -0.319, 0.317);(0.326, 0.913, 0.244, 0.031);(0.077, 0.952, 0.207, 0.212)
5.68964;(0.175, -0.431, 0.358);(-0.035, -0.319, 0.317);(0.325, 0.913, 0.244, 0.031);(0.077, 0.952, 0.207, 0.212)
5.702724;(0.175, -0.431, 0.358);(-0.035, -0.320, 0.317);(0.325, 0.913, 0.244, 0.031);(0.077, 0.952, 0.206, 0.212)
5.737044;(0.175, -0.430, 0.358);(-0.035, -0.319, 0.317);(0.325, 0.913, 0.244, 0.031);(0.077, 0.952, 0.206, 0.212)
5.752553;(0.175, -0.431, 0.358);(-0.035, -0.320, 0.317);(0.325, 0.913, 0.244, 0.032);(0.077, 0.952, 0.206, 0.213)
5.767016;(0.176, -0.431, 0.358);(-0.035, -0.320, 0.317);(0.325, 0.913, 0.244, 0.033);(0.077, 0.952, 0.206, 0.213)
5.781211;(0.176, -0.431, 0.358);(-0.035, -0.320, 0.317);(0.325, 0.913, 0.244, 0.033);(0.077, 0.952, 0.206, 0.213)
5.795946;(0.176, -0.431, 0.358);(-0.035, -0.320, 0.317);(0.325, 0.913, 0.243, 0.033);(0.077, 0.952, 0.207, 0.212)
5.810646;(0.176, -0.431, 0.358);(-0.035, -0.320, 0.317);(0.324, 0.914, 0.243, 0.033);(0.077, 0.952, 0.206, 0.213)
5.825142;(0.176, -0.431, 0.358);(-0.035, -0.320, 0.317);(0.324, 0.914, 0.243, 0.033);(0.077, 0.952, 0.206, 0.213)
5.840069;(0.176, -0.431, 0.358);(-0.035, -0.320, 0.317);(0.324, 0.914, 0.243, 0.034);(0.076, 0.952, 0.207, 0.214)
5.852888;(0.176, -0.431, 0.358);(-0.035, -0.320, 0.317);(0.324, 0.914, 0.243, 0.034);(0.076, 0.952, 0.206, 0.214)
5.866048;(0.175, -0.431, 0.358);(-0.035, -0.320, 0.317);(0.325, 0.913, 0.243, 0.034);(0.076, 0.952, 0.206, 0.213)
5.878993;(0.175, -0.431, 0.358);(-0.035, -0.321, 0.317);(0.325, 0.914, 0.242, 0.034);(0.076, 0.952, 0.206, 0.213)
5.891051;(0.175, -0.431, 0.358);(-0.035, -0.320, 0.317);(0.325, 0.914, 0.242, 0.034);(0.076, 0.952, 0.206, 0.214)
5.902655;(0.175, -0.431, 0.358);(-0.035, -0.320, 0.317);(0.325, 0.914, 0.242, 0.034);(0.077, 0.952, 0.206, 0.214)
5.915374;(0.175, -0.431, 0.358);(-0.035, -0.320, 0.317);(0.325, 0.914, 0.242, 0.034);(0.076, 0.952, 0.206, 0.214)
5.928809;(0.175, -0.432, 0.358);(-0.035, -0.321, 0.317);(0.325, 0.914, 0.242, 0.033);(0.076, 0.952, 0.206, 0.213)
5.94202;(0.175, -0.432, 0.358);(-0.035, -0.321, 0.317);(0.324, 0.914, 0.242, 0.034);(0.076, 0.952, 0.206, 0.214)
5.957729;(0.175, -0.432, 0.358);(-0.035, -0.321, 0.317);(0.324, 0.914, 0.241, 0.034);(0.076, 0.952, 0.206, 0.214)
5.971158;(0.175, -0.432, 0.358);(-0.035, -0.321, 0.318);(0.324, 0.914, 0.241, 0.034);(0.076, 0.952, 0.206, 0.215)
5.984712;(0.175, -0.432, 0.358);(-0.035, -0.321, 0.317);(0.324, 0.914, 0.241, 0.034);(0.076, 0.952, 0.207, 0.215)
5.996682;(0.175, -0.432, 0.358);(-0.035, -0.321, 0.317);(0.324, 0.914, 0.241, 0.034);(0.076, 0.952, 0.207, 0.214)
6.01014;(0.175, -0.432, 0.358);(-0.035, -0.321, 0.317);(0.324, 0.914, 0.241, 0.034);(0.076, 0.952, 0.206, 0.214)
6.021624;(0.175, -0.432, 0.358);(-0.035, -0.321, 0.317);(0.324, 0.914, 0.241, 0.034);(0.076, 0.952, 0.206, 0.214)
6.033659;(0.175, -0.432, 0.358);(-0.035, -0.321, 0.317);(0.324, 0.914, 0.241, 0.034);(0.075, 0.952, 0.206, 0.214)
6.044427;(0.175, -0.432, 0.358);(-0.035, -0.321, 0.317);(0.325, 0.914, 0.241, 0.034);(0.075, 0.952, 0.206, 0.214)
6.055934;(0.175, -0.432, 0.358);(-0.035, -0.321, 0.317);(0.324, 0.914, 0.241, 0.034);(0.075, 0.952, 0.206, 0.214)
6.067053;(0.175, -0.432, 0.358);(-0.035, -0.321, 0.317);(0.324, 0.914, 0.241, 0.034);(0.075, 0.952, 0.206, 0.214)
6.081022;(0.175, -0.432, 0.358);(-0.035, -0.321, 0.317);(0.323, 0.914, 0.241, 0.034);(0.075, 0.952, 0.206, 0.214)
6.092292;(0.175, -0.432, 0.358);(-0.035, -0.321, 0.317);(0.323, 0.914, 0.241, 0.034);(0.076, 0.952, 0.206, 0.214)
6.104746;(0.175, -0.432, 0.358);(-0.036, -0.321, 0.317);(0.324, 0.914, 0.241, 0.034);(0.076, 0.952, 0.206, 0.214)
6.117549;(0.175, -0.433, 0.358);(-0.036, -0.321, 0.317);(0.324, 0.914, 0.241, 0.034);(0.076, 0.952, 0.206, 0.214)
6.13175;(0.175, -0.433, 0.358);(-0.036, -0.321, 0.317);(0.324, 0.914, 0.240, 0.034);(0.076, 0.952, 0.206, 0.214)
6.143706;(0.175, -0.433, 0.358);(-0.036, -0.321, 0.317);(0.324, 0.914, 0.240, 0.034);(0.075, 0.952, 0.206, 0.214)
6.156472;(0.175, -0.433, 0.358);(-0.036, -0.321, 0.317);(0.324, 0.914, 0.241, 0.034);(0.075, 0.952, 0.206, 0.214)
6.168429;(0.175, -0.433, 0.358);(-0.036, -0.321, 0.317);(0.324, 0.914, 0.241, 0.034);(0.075, 0.952, 0.206, 0.213)
6.181623;(0.175, -0.433, 0.358);(-0.036, -0.322, 0.317);(0.324, 0.914, 0.241, 0.034);(0.075, 0.952, 0.206, 0.213)
6.193939;(0.175, -0.433, 0.358);(-0.036, -0.322, 0.317);(0.323, 0.914, 0.241, 0.034);(0.075, 0.952, 0.206, 0.214)
6.205972;(0.175, -0.433, 0.358);(-0.036, -0.322, 0.317);(0.323, 0.915, 0.241, 0.034);(0.075, 0.952, 0.205, 0.214)
6.218553;(0.175, -0.433, 0.358);(-0.036, -0.322, 0.317);(0.323, 0.915, 0.241, 0.034);(0.075, 0.952, 0.205, 0.214)
6.231771;(0.175, -0.433, 0.358);(-0.036, -0.322, 0.317);(0.323, 0.915, 0.240, 0.034);(0.075, 0.952, 0.205, 0.213)
6.243701;(0.175, -0.433, 0.358);(-0.036, -0.322, 0.317);(0.323, 0.915, 0.240, 0.034);(0.075, 0.952, 0.205, 0.213)
6.25671;(0.175, -0.433, 0.358);(-0.036, -0.322, 0.317);(0.323, 0.915, 0.240, 0.035);(0.075, 0.952, 0.205, 0.213)
6.268853;(0.175, -0.433, 0.358);(-0.036, -0.322, 0.317);(0.324, 0.914, 0.240, 0.035);(0.075, 0.952, 0.205, 0.213)
6.282456;(0.175, -0.433, 0.358);(-0.036, -0.322, 0.317);(0.324, 0.914, 0.240, 0.035);(0.075, 0.952, 0.205, 0.214)
6.293989;(0.174, -0.433, 0.357);(-0.036, -0.322, 0.317);(0.324, 0.914, 0.240, 0.034);(0.075, 0.952, 0.205, 0.214)
6.309086;(0.174, -0.434, 0.357);(-0.036, -0.322, 0.317);(0.324, 0.914, 0.240, 0.035);(0.075, 0.952, 0.206, 0.214)
6.321326;(0.174, -0.434, 0.357);(-0.036, -0.322, 0.316);(0.324, 0.915, 0.239, 0.035);(0.075, 0.952, 0.205, 0.214)
6.331603;(0.174, -0.434, 0.357);(-0.036, -0.322, 0.316);(0.324, 0.915, 0.239, 0.035);(0.075, 0.952, 0.205, 0.214)
6.344029;(0.174, -0.434, 0.357);(-0.036, -0.322, 0.316);(0.324, 0.915, 0.239, 0.035);(0.075, 0.952, 0.205, 0.214)
6.356462;(0.174, -0.434, 0.357);(-0.037, -0.322, 0.316);(0.324, 0.915, 0.239, 0.034);(0.074, 0.952, 0.205, 0.214)
6.36992;(0.174, -0.434, 0.357);(-0.037, -0.322, 0.316);(0.324, 0.915, 0.239, 0.034);(0.074, 0.952, 0.205, 0.213)
6.382565;(0.174, -0.434, 0.357);(-0.037, -0.322, 0.316);(0.324, 0.915, 0.239, 0.034);(0.075, 0.952, 0.204, 0.213)
6.393911;(0.174, -0.434, 0.357);(-0.037, -0.322, 0.316);(0.323, 0.915, 0.239, 0.035);(0.075, 0.952, 0.205, 0.213)
6.406403;(0.174, -0.434, 0.357);(-0.037, -0.322, 0.316);(0.324, 0.915, 0.240, 0.035);(0.074, 0.952, 0.205, 0.213)
6.418919;(0.174, -0.434, 0.357);(-0.037, -0.322, 0.316);(0.324, 0.915, 0.239, 0.035);(0.074, 0.952, 0.205, 0.213)
6.432503;(0.174, -0.434, 0.357);(-0.037, -0.322, 0.316);(0.324, 0.915, 0.239, 0.035);(0.074, 0.952, 0.205, 0.214)
6.443905;(0.174, -0.434, 0.357);(-0.037, -0.322, 0.316);(0.324, 0.915, 0.239, 0.035);(0.074, 0.952, 0.205, 0.214)
6.458151;(0.174, -0.434, 0.357);(-0.037, -0.322, 0.316);(0.324, 0.915, 0.239, 0.035);(0.075, 0.952, 0.205, 0.214)
6.47162;(0.174, -0.434, 0.357);(-0.037, -0.322, 0.316);(0.324, 0.915, 0.239, 0.035);(0.075, 0.952, 0.205, 0.214)
6.483339;(0.174, -0.434, 0.357);(-0.037, -0.322, 0.316);(0.324, 0.915, 0.239, 0.035);(0.075, 0.952, 0.205, 0.214)
6.494291;(0.174, -0.434, 0.357);(-0.037, -0.322, 0.316);(0.324, 0.915, 0.239, 0.035);(0.074, 0.952, 0.205, 0.214)
6.506462;(0.174, -0.434, 0.357);(-0.037, -0.322, 0.316);(0.324, 0.915, 0.239, 0.035);(0.074, 0.952, 0.206, 0.214)
6.519438;(0.174, -0.434, 0.357);(-0.037, -0.322, 0.316);(0.323, 0.915, 0.239, 0.035);(0.074, 0.952, 0.206, 0.213)
6.532386;(0.174, -0.434, 0.357);(-0.037, -0.322, 0.316);(0.323, 0.915, 0.239, 0.035);(0.074, 0.952, 0.205, 0.213)
6.544978;(0.174, -0.434, 0.357);(-0.037, -0.322, 0.316);(0.323, 0.915, 0.239, 0.036);(0.074, 0.952, 0.205, 0.214)
6.55664;(0.174, -0.434, 0.357);(-0.037, -0.322, 0.316);(0.323, 0.915, 0.239, 0.036);(0.074, 0.952, 0.205, 0.214)
6.569938;(0.174, -0.434, 0.357);(-0.037, -0.322, 0.316);(0.323, 0.915, 0.239, 0.036);(0.074, 0.952, 0.205, 0.213)
6.582387;(0.174, -0.434, 0.357);(-0.037, -0.322, 0.316);(0.323, 0.915, 0.239, 0.036);(0.074, 0.952, 0.205, 0.213)
6.595229;(0.174, -0.434, 0.357);(-0.037, -0.323, 0.316);(0.324, 0.915, 0.239, 0.036);(0.074, 0.952, 0.205, 0.214)
6.607279;(0.174, -0.434, 0.357);(-0.037, -0.323, 0.316);(0.324, 0.915, 0.239, 0.036);(0.074, 0.952, 0.205, 0.214)
6.619587;(0.174, -0.434, 0.357);(-0.037, -0.323, 0.316);(0.323, 0.915, 0.239, 0.036);(0.074, 0.952, 0.205, 0.214)
6.632843;(0.174, -0.434, 0.357);(-0.037, -0.322, 0.316);(0.323, 0.915, 0.239, 0.036);(0.074, 0.952, 0.205, 0.214)
6.644975;(0.174, -0.434, 0.357);(-0.037, -0.322, 0.316);(0.323, 0.915, 0.239, 0.036);(0.073, 0.952, 0.205, 0.214)
6.658073;(0.174, -0.434, 0.357);(-0.037, -0.323, 0.316);(0.323, 0.915, 0.239, 0.036);(0.073, 0.952, 0.205, 0.214)
6.670048;(0.174, -0.434, 0.357);(-0.037, -0.323, 0.316);(0.323, 0.915, 0.239, 0.037);(0.072, 0.952, 0.205, 0.214)
6.682846;(0.174, -0.434, 0.357);(-0.037, -0.323, 0.316);(0.323, 0.915, 0.239, 0.037);(0.073, 0.952, 0.205, 0.214)
6.695304;(0.174, -0.434, 0.357);(-0.037, -0.323, 0.316);(0.323, 0.915, 0.239, 0.037);(0.073, 0.952, 0.204, 0.214)
6.708753;(0.174, -0.434, 0.357);(-0.037, -0.323, 0.316);(0.323, 0.915, 0.238, 0.037);(0.074, 0.952, 0.204, 0.214)
6.721158;(0.174, -0.434, 0.357);(-0.037, -0.323, 0.316);(0.323, 0.915, 0.238, 0.037);(0.074, 0.952, 0.205, 0.214)
6.733139;(0.174, -0.434, 0.357);(-0.037, -0.323, 0.316);(0.323, 0.915, 0.238, 0.037);(0.073, 0.952, 0.204, 0.214)
6.748409;(0.174, -0.434, 0.357);(-0.037, -0.323, 0.316);(0.323, 0.915, 0.238, 0.037);(0.073, 0.953, 0.204, 0.214)
6.76334;(0.174, -0.434, 0.357);(-0.037, -0.323, 0.316);(0.323, 0.915, 0.238, 0.037);(0.072, 0.953, 0.204, 0.214)
6.775402;(0.174, -0.434, 0.357);(-0.037, -0.323, 0.316);(0.322, 0.915, 0.238, 0.037);(0.073, 0.953, 0.204, 0.214)
6.788213;(0.174, -0.433, 0.357);(-0.037, -0.323, 0.316);(0.323, 0.915, 0.238, 0.037);(0.073, 0.953, 0.204, 0.214)
6.799769;(0.174, -0.433, 0.357);(-0.037, -0.323, 0.316);(0.323, 0.915, 0.238, 0.037);(0.073, 0.953, 0.204, 0.214)
6.810609;(0.174, -0.433, 0.357);(-0.037, -0.323, 0.316);(0.323, 0.915, 0.238, 0.037);(0.073, 0.953, 0.204, 0.214)
6.822292;(0.174, -0.433, 0.357);(-0.037, -0.323, 0.316);(0.323, 0.915, 0.238, 0.037);(0.073, 0.953, 0.204, 0.214)
6.833917;(0.174, -0.433, 0.357);(-0.037, -0.323, 0.316);(0.323, 0.915, 0.238, 0.037);(0.072, 0.953, 0.204, 0.214)
6.844635;(0.174, -0.433, 0.357);(-0.037, -0.323, 0.316);(0.323, 0.915, 0.239, 0.037);(0.072, 0.953, 0.204, 0.214)
6.856695;(0.174, -0.433, 0.357);(-0.037, -0.323, 0.316);(0.323, 0.915, 0.238, 0.037);(0.073, 0.953, 0.204, 0.214)
6.870355;(0.174, -0.433, 0.357);(-0.037, -0.323, 0.316);(0.323, 0.915, 0.238, 0.037);(0.073, 0.953, 0.204, 0.214)
6.885844;(0.174, -0.433, 0.357);(-0.037, -0.323, 0.316);(0.323, 0.915, 0.238, 0.037);(0.073, 0.952, 0.204, 0.214)
6.898764;(0.173, -0.433, 0.357);(-0.037, -0.323, 0.316);(0.323, 0.915, 0.238, 0.037);(0.073, 0.953, 0.204, 0.214)
6.912647;(0.173, -0.433, 0.357);(-0.037, -0.323, 0.316);(0.323, 0.915, 0.238, 0.037);(0.073, 0.953, 0.204, 0.214)
6.927755;(0.173, -0.433, 0.357);(-0.037, -0.323, 0.316);(0.323, 0.915, 0.238, 0.037);(0.072, 0.953, 0.204, 0.214)
6.943597;(0.173, -0.433, 0.357);(-0.037, -0.323, 0.316);(0.323, 0.915, 0.238, 0.037);(0.072, 0.953, 0.204, 0.214)
6.958148;(0.173, -0.433, 0.357);(-0.037, -0.323, 0.316);(0.323, 0.915, 0.238, 0.037);(0.073, 0.953, 0.204, 0.214)
6.969362;(0.173, -0.433, 0.357);(-0.037, -0.323, 0.316);(0.323, 0.915, 0.238, 0.037);(0.073, 0.952, 0.204, 0.214)
6.982131;(0.173, -0.433, 0.357);(-0.037, -0.323, 0.316);(0.323, 0.915, 0.238, 0.037);(0.073, 0.953, 0.204, 0.214)
6.994915;(0.173, -0.433, 0.357);(-0.037, -0.323, 0.316);(0.323, 0.915, 0.238, 0.037);(0.073, 0.953, 0.204, 0.214)
7.007001;(0.173, -0.433, 0.357);(-0.037, -0.323, 0.316);(0.322, 0.915, 0.238, 0.037);(0.072, 0.953, 0.204, 0.214)
7.01953;(0.173, -0.433, 0.357);(-0.037, -0.323, 0.316);(0.323, 0.915, 0.238, 0.037);(0.072, 0.953, 0.204, 0.214)
7.032959;(0.173, -0.433, 0.357);(-0.037, -0.323, 0.316);(0.323, 0.915, 0.238, 0.037);(0.073, 0.953, 0.204, 0.214)
7.044774;(0.173, -0.433, 0.357);(-0.037, -0.323, 0.316);(0.323, 0.915, 0.238, 0.037);(0.073, 0.953, 0.204, 0.214)
7.057618;(0.173, -0.433, 0.357);(-0.037, -0.323, 0.316);(0.323, 0.915, 0.237, 0.037);(0.073, 0.953, 0.205, 0.213)
7.071631;(0.173, -0.432, 0.357);(-0.037, -0.323, 0.316);(0.323, 0.915, 0.238, 0.037);(0.073, 0.953, 0.204, 0.214)
7.086544;(0.173, -0.432, 0.357);(-0.037, -0.323, 0.316);(0.323, 0.915, 0.239, 0.036);(0.073, 0.953, 0.204, 0.214)
7.099363;(0.173, -0.432, 0.357);(-0.037, -0.323, 0.316);(0.323, 0.915, 0.239, 0.036);(0.073, 0.953, 0.204, 0.214)
7.112788;(0.173, -0.432, 0.357);(-0.037, -0.323, 0.316);(0.323, 0.915, 0.239, 0.036);(0.073, 0.953, 0.204, 0.213)
7.12498;(0.173, -0.432, 0.357);(-0.038, -0.323, 0.316);(0.323, 0.915, 0.239, 0.037);(0.072, 0.953, 0.204, 0.213)
7.137709;(0.173, -0.432, 0.357);(-0.038, -0.323, 0.316);(0.323, 0.915, 0.239, 0.037);(0.073, 0.953, 0.204, 0.213)
7.149242;(0.173, -0.432, 0.357);(-0.037, -0.323, 0.316);(0.324, 0.915, 0.239, 0.038);(0.073, 0.953, 0.204, 0.213)
7.160816;(0.173, -0.432, 0.357);(-0.037, -0.323, 0.316);(0.324, 0.915, 0.238, 0.038);(0.073, 0.952, 0.204, 0.214)
7.172089;(0.173, -0.432, 0.357);(-0.037, -0.323, 0.316);(0.323, 0.915, 0.238, 0.038);(0.073, 0.952, 0.204, 0.214)
7.182749;(0.173, -0.432, 0.357);(-0.038, -0.323, 0.316);(0.323, 0.915, 0.239, 0.038);(0.074, 0.952, 0.204, 0.214)
7.194345;(0.174, -0.432, 0.358);(-0.038, -0.323, 0.316);(0.323, 0.915, 0.240, 0.037);(0.074, 0.952, 0.204, 0.214)
7.206749;(0.174, -0.432, 0.358);(-0.038, -0.323, 0.316);(0.325, 0.914, 0.240, 0.037);(0.073, 0.952, 0.205, 0.214)
7.220354;(0.174, -0.432, 0.358);(-0.038, -0.323, 0.316);(0.326, 0.914, 0.240, 0.037);(0.073, 0.952, 0.205, 0.214)
7.23305;(0.174, -0.432, 0.357);(-0.038, -0.323, 0.316);(0.326, 0.914, 0.239, 0.038);(0.073, 0.952, 0.205, 0.214)
7.244789;(0.174, -0.432, 0.357);(-0.038, -0.323, 0.316);(0.325, 0.914, 0.239, 0.038);(0.074, 0.952, 0.205, 0.214)
7.257535;(0.174, -0.432, 0.357);(-0.038, -0.323, 0.316);(0.325, 0.914, 0.239, 0.038);(0.073, 0.952, 0.205, 0.214)
7.270312;(0.173, -0.432, 0.357);(-0.038, -0.323, 0.316);(0.324, 0.915, 0.239, 0.038);(0.073, 0.952, 0.205, 0.214)
7.284105;(0.173, -0.432, 0.357);(-0.038, -0.323, 0.317);(0.323, 0.915, 0.239, 0.038);(0.073, 0.952, 0.205, 0.214)
7.295859;(0.173, -0.432, 0.357);(-0.038, -0.323, 0.317);(0.322, 0.915, 0.238, 0.038);(0.073, 0.952, 0.205, 0.214)
7.30774;(0.173, -0.432, 0.357);(-0.038, -0.324, 0.317);(0.322, 0.916, 0.238, 0.038);(0.074, 0.952, 0.204, 0.214)
7.320077;(0.173, -0.432, 0.358);(-0.038, -0.324, 0.317);(0.322, 0.916, 0.238, 0.038);(0.075, 0.952, 0.204, 0.215)
7.333014;(0.173, -0.432, 0.358);(-0.038, -0.324, 0.317);(0.322, 0.916, 0.238, 0.038);(0.075, 0.952, 0.204, 0.215)
7.346013;(0.173, -0.432, 0.358);(-0.038, -0.324, 0.317);(0.321, 0.916, 0.237, 0.038);(0.076, 0.952, 0.204, 0.216)
7.357644;(0.173, -0.432, 0.358);(-0.038, -0.324, 0.317);(0.321, 0.916, 0.237, 0.038);(0.077, 0.952, 0.204, 0.216)
7.370935;(0.173, -0.432, 0.358);(-0.038, -0.324, 0.317);(0.321, 0.916, 0.237, 0.037);(0.078, 0.952, 0.204, 0.217)
7.382946;(0.172, -0.432, 0.358);(-0.038, -0.324, 0.317);(0.320, 0.917, 0.237, 0.037);(0.079, 0.951, 0.204, 0.216)
7.397757;(0.172, -0.432, 0.357);(-0.038, -0.325, 0.317);(0.319, 0.917, 0.236, 0.037);(0.080, 0.951, 0.204, 0.217)
7.410423;(0.172, -0.431, 0.357);(-0.038, -0.325, 0.318);(0.318, 0.918, 0.236, 0.037);(0.080, 0.951, 0.204, 0.218)
7.420974;(0.172, -0.431, 0.357);(-0.039, -0.325, 0.318);(0.317, 0.918, 0.235, 0.037);(0.082, 0.951, 0.203, 0.219)
7.433299;(0.171, -0.430, 0.357);(-0.039, -0.326, 0.318);(0.316, 0.919, 0.235, 0.036);(0.084, 0.951, 0.202, 0.221)
7.445898;(0.171, -0.430, 0.357);(-0.039, -0.326, 0.318);(0.314, 0.919, 0.235, 0.035);(0.087, 0.950, 0.201, 0.223)
7.458473;(0.170, -0.429, 0.357);(-0.040, -0.327, 0.318);(0.310, 0.920, 0.236, 0.034);(0.091, 0.949, 0.200, 0.226)
7.471359;(0.169, -0.428, 0.356);(-0.040, -0.328, 0.319);(0.305, 0.922, 0.236, 0.030);(0.095, 0.948, 0.199, 0.229)
7.48371;(0.168, -0.426, 0.356);(-0.040, -0.329, 0.319);(0.299, 0.924, 0.236, 0.026);(0.102, 0.946, 0.197, 0.235)
7.496682;(0.167, -0.424, 0.355);(-0.040, -0.330, 0.319);(0.291, 0.927, 0.237, 0.020);(0.107, 0.944, 0.196, 0.242)
7.508577;(0.166, -0.422, 0.354);(-0.039, -0.331, 0.320);(0.280, 0.930, 0.237, 0.012);(0.113, 0.942, 0.194, 0.251)
7.521489;(0.164, -0.420, 0.354);(-0.038, -0.334, 0.321);(0.269, 0.933, 0.238, 0.006);(0.122, 0.938, 0.191, 0.263)
7.53416;(0.163, -0.417, 0.353);(-0.037, -0.336, 0.322);(0.257, 0.936, 0.239, -0.001);(0.134, 0.933, 0.186, 0.279)
7.547852;(0.162, -0.414, 0.352);(-0.037, -0.337, 0.324);(0.243, 0.939, 0.241, -0.007);(0.148, 0.926, 0.184, 0.296)
7.560972;(0.160, -0.411, 0.351);(-0.037, -0.339, 0.324);(0.227, 0.943, 0.242, -0.015);(0.158, 0.920, 0.183, 0.310)
7.575198;(0.159, -0.408, 0.349);(-0.037, -0.341, 0.325);(0.213, 0.946, 0.241, -0.021);(0.169, 0.913, 0.180, 0.325)
7.588411;(0.157, -0.405, 0.348);(-0.037, -0.343, 0.326);(0.199, 0.950, 0.241, -0.028);(0.178, 0.907, 0.175, 0.338)
7.602677;(0.155, -0.401, 0.346);(-0.037, -0.346, 0.327);(0.178, 0.954, 0.239, -0.039);(0.190, 0.900, 0.171, 0.352)
7.616201;(0.152, -0.398, 0.344);(-0.037, -0.349, 0.328);(0.159, 0.957, 0.235, -0.053);(0.206, 0.891, 0.168, 0.368)
7.628348;(0.149, -0.395, 0.342);(-0.037, -0.353, 0.330);(0.140, 0.960, 0.231, -0.069);(0.230, 0.878, 0.164, 0.386)
7.641517;(0.147, -0.391, 0.340);(-0.037, -0.356, 0.331);(0.121, 0.963, 0.227, -0.083);(0.263, 0.861, 0.163, 0.404)
7.653719;(0.144, -0.388, 0.339);(-0.038, -0.359, 0.331);(0.103, 0.964, 0.227, -0.095);(0.305, 0.837, 0.171, 0.420)
7.667111;(0.141, -0.384, 0.337);(-0.039, -0.360, 0.332);(0.079, 0.964, 0.229, -0.109);(0.336, 0.818, 0.180, 0.431)
7.681489;(0.137, -0.380, 0.335);(-0.037, -0.363, 0.332);(0.043, 0.964, 0.231, -0.126);(0.363, 0.795, 0.187, 0.448)
7.693884;(0.129, -0.373, 0.331);(-0.039, -0.367, 0.334);(-0.019, 0.961, 0.230, -0.155);(0.401, 0.757, 0.182, 0.483)
7.707692;(0.125, -0.371, 0.330);(-0.041, -0.370, 0.333);(-0.057, 0.956, 0.231, -0.169);(0.417, 0.742, 0.177, 0.495)
7.722728;(0.122, -0.368, 0.329);(-0.042, -0.374, 0.333);(-0.093, 0.950, 0.233, -0.183);(0.441, 0.721, 0.175, 0.505)
7.741769;(0.117, -0.365, 0.328);(-0.043, -0.378, 0.335);(-0.136, 0.941, 0.236, -0.202);(0.460, 0.699, 0.171, 0.520)
7.760305;(0.111, -0.363, 0.328);(-0.045, -0.382, 0.335);(-0.191, 0.925, 0.239, -0.226);(0.479, 0.670, 0.163, 0.543)
7.775949;(0.103, -0.360, 0.328);(-0.049, -0.389, 0.335);(-0.275, 0.891, 0.247, -0.263);(0.519, 0.617, 0.156, 0.570)
7.790267;(0.099, -0.357, 0.329);(-0.051, -0.392, 0.334);(-0.323, 0.864, 0.263, -0.282);(0.540, 0.591, 0.155, 0.580)
7.80282;(0.094, -0.355, 0.328);(-0.052, -0.396, 0.332);(-0.382, 0.826, 0.285, -0.302);(0.560, 0.564, 0.153, 0.587)
7.816862;(0.091, -0.357, 0.325);(-0.053, -0.399, 0.333);(-0.438, 0.790, 0.294, -0.312);(0.572, 0.541, 0.152, 0.597)
7.829008;(0.087, -0.360, 0.321);(-0.056, -0.406, 0.332);(-0.527, 0.720, 0.303, -0.335);(0.595, 0.490, 0.144, 0.621)
7.841617;(0.086, -0.361, 0.320);(-0.059, -0.411, 0.331);(-0.558, 0.692, 0.302, -0.345);(0.599, 0.462, 0.134, 0.640)
7.854717;(0.085, -0.364, 0.317);(-0.062, -0.416, 0.330);(-0.587, 0.662, 0.295, -0.361);(0.604, 0.437, 0.120, 0.655)
7.867911;(0.084, -0.367, 0.315);(-0.066, -0.422, 0.327);(-0.606, 0.639, 0.288, -0.375);(0.611, 0.408, 0.090, 0.672)
7.883528;(0.084, -0.370, 0.312);(-0.070, -0.427, 0.325);(-0.624, 0.619, 0.277, -0.389);(0.617, 0.387, 0.059, 0.683)
7.899103;(0.084, -0.373, 0.309);(-0.075, -0.432, 0.322);(-0.637, 0.602, 0.266, -0.400);(0.623, 0.364, 0.023, 0.692)
7.912575;(0.084, -0.377, 0.307);(-0.080, -0.434, 0.319);(-0.649, 0.587, 0.253, -0.412);(0.628, 0.351, -0.004, 0.694)
7.925103;(0.086, -0.383, 0.305);(-0.082, -0.436, 0.314);(-0.665, 0.567, 0.235, -0.426);(0.637, 0.340, -0.028, 0.691)
7.938787;(0.088, -0.388, 0.303);(-0.084, -0.437, 0.310);(-0.678, 0.547, 0.217, -0.440);(0.649, 0.332, -0.043, 0.683)
7.950409;(0.089, -0.393, 0.303);(-0.085, -0.439, 0.304);(-0.690, 0.524, 0.201, -0.457);(0.659, 0.328, -0.048, 0.675)
7.961082;(0.090, -0.397, 0.303);(-0.083, -0.440, 0.300);(-0.699, 0.498, 0.190, -0.476);(0.667, 0.324, -0.047, 0.669)
7.973305;(0.091, -0.400, 0.303);(-0.083, -0.442, 0.296);(-0.707, 0.468, 0.188, -0.496);(0.672, 0.316, -0.043, 0.668)
7.985007;(0.091, -0.403, 0.304);(-0.083, -0.443, 0.293);(-0.715, 0.434, 0.190, -0.514);(0.675, 0.304, -0.039, 0.671)
7.995282;(0.093, -0.406, 0.303);(-0.083, -0.445, 0.291);(-0.728, 0.392, 0.194, -0.529);(0.677, 0.291, -0.034, 0.675)
8.006753;(0.094, -0.409, 0.301);(-0.083, -0.446, 0.289);(-0.739, 0.359, 0.193, -0.536);(0.678, 0.275, -0.032, 0.681)
8.017503;(0.095, -0.412, 0.300);(-0.084, -0.447, 0.286);(-0.748, 0.332, 0.188, -0.542);(0.679, 0.254, -0.032, 0.688)
8.031522;(0.096, -0.415, 0.298);(-0.086, -0.447, 0.284);(-0.754, 0.314, 0.178, -0.549);(0.682, 0.234, -0.032, 0.692)
8.043691;(0.097, -0.416, 0.297);(-0.087, -0.448, 0.281);(-0.753, 0.309, 0.168, -0.556);(0.690, 0.214, -0.031, 0.690)
8.055848;(0.098, -0.419, 0.296);(-0.087, -0.450, 0.276);(-0.747, 0.319, 0.153, -0.563);(0.701, 0.201, -0.027, 0.684)
8.068856;(0.098, -0.420, 0.295);(-0.087, -0.452, 0.272);(-0.738, 0.334, 0.140, -0.569);(0.709, 0.193, -0.028, 0.678)
8.082594;(0.099, -0.422, 0.295);(-0.086, -0.453, 0.268);(-0.730, 0.344, 0.128, -0.577);(0.716, 0.187, -0.030, 0.672)
8.094452;(0.101, -0.425, 0.294);(-0.086, -0.454, 0.265);(-0.721, 0.344, 0.114, -0.591);(0.718, 0.184, -0.030, 0.670)
8.106777;(0.103, -0.427, 0.295);(-0.085, -0.456, 0.263);(-0.713, 0.335, 0.099, -0.607);(0.719, 0.180, -0.028, 0.671)
8.12094;(0.105, -0.430, 0.295);(-0.084, -0.457, 0.260);(-0.711, 0.318, 0.080, -0.622);(0.720, 0.173, -0.024, 0.672)
8.135502;(0.109, -0.434, 0.294);(-0.084, -0.458, 0.258);(-0.714, 0.288, 0.060, -0.635);(0.722, 0.166, -0.018, 0.672)
8.151829;(0.113, -0.436, 0.292);(-0.084, -0.459, 0.255);(-0.719, 0.262, 0.050, -0.642);(0.726, 0.156, -0.013, 0.670)
8.167585;(0.114, -0.437, 0.289);(-0.084, -0.461, 0.253);(-0.725, 0.245, 0.048, -0.642);(0.731, 0.146, -0.010, 0.667)
8.182549;(0.114, -0.438, 0.286);(-0.085, -0.463, 0.251);(-0.733, 0.236, 0.053, -0.635);(0.735, 0.134, -0.011, 0.664)
8.196169;(0.114, -0.439, 0.283);(-0.086, -0.464, 0.250);(-0.742, 0.232, 0.063, -0.626);(0.736, 0.124, -0.013, 0.666)
8.212881;(0.115, -0.441, 0.279);(-0.088, -0.468, 0.248);(-0.747, 0.212, 0.059, -0.627);(0.736, 0.107, -0.015, 0.668)
8.228189;(0.116, -0.443, 0.279);(-0.089, -0.470, 0.248);(-0.747, 0.200, 0.056, -0.632);(0.733, 0.103, -0.019, 0.672)
8.243652;(0.117, -0.444, 0.278);(-0.090, -0.471, 0.246);(-0.744, 0.190, 0.053, -0.639);(0.732, 0.100, -0.029, 0.674)
8.258429;(0.118, -0.447, 0.275);(-0.092, -0.475, 0.244);(-0.745, 0.172, 0.049, -0.643);(0.733, 0.088, -0.035, 0.674)
8.271449;(0.118, -0.448, 0.273);(-0.092, -0.477, 0.243);(-0.745, 0.168, 0.045, -0.644);(0.733, 0.082, -0.036, 0.674)
8.28383;(0.119, -0.450, 0.271);(-0.093, -0.477, 0.242);(-0.746, 0.163, 0.042, -0.645);(0.732, 0.078, -0.035, 0.676)
8.29513;(0.119, -0.451, 0.269);(-0.093, -0.478, 0.241);(-0.748, 0.157, 0.040, -0.644);(0.731, 0.074, -0.031, 0.677)
8.306344;(0.120, -0.452, 0.266);(-0.093, -0.480, 0.240);(-0.751, 0.149, 0.040, -0.642);(0.731, 0.070, -0.029, 0.678)
8.318015;(0.120, -0.454, 0.264);(-0.095, -0.482, 0.243);(-0.753, 0.140, 0.043, -0.642);(0.714, 0.059, -0.052, 0.695)
8.331477;(0.120, -0.456, 0.263);(-0.097, -0.479, 0.241);(-0.752, 0.131, 0.047, -0.645);(0.714, 0.051, -0.053, 0.696)
8.343656;(0.120, -0.458, 0.263);(-0.098, -0.480, 0.240);(-0.747, 0.122, 0.046, -0.652);(0.711, 0.045, -0.057, 0.700)
8.357957;(0.121, -0.462, 0.265);(-0.099, -0.480, 0.239);(-0.733, 0.118, 0.036, -0.669);(0.713, 0.038, -0.057, 0.698)
8.371162;(0.123, -0.464, 0.267);(-0.093, -0.470, 0.241);(-0.718, 0.119, 0.018, -0.686);(0.714, 0.039, -0.053, 0.697)
8.384995;(0.124, -0.466, 0.270);(-0.093, -0.477, 0.233);(-0.701, 0.120, -0.001, -0.703);(0.723, 0.036, -0.032, 0.689)
8.397581;(0.127, -0.467, 0.271);(-0.094, -0.481, 0.232);(-0.686, 0.118, -0.019, -0.718);(0.716, 0.028, -0.024, 0.697)
8.411139;(0.130, -0.467, 0.271);(-0.094, -0.480, 0.232);(-0.679, 0.107, -0.033, -0.725);(0.719, 0.028, -0.024, 0.694)
8.425481;(0.131, -0.469, 0.267);(-0.094, -0.478, 0.233);(-0.691, 0.100, -0.033, -0.715);(0.716, 0.026, -0.022, 0.697)
8.438509;(0.130, -0.470, 0.262);(-0.094, -0.480, 0.230);(-0.707, 0.090, -0.027, -0.701);(0.717, 0.032, -0.028, 0.696)
8.450116;(0.132, -0.460, 0.264);(-0.095, -0.475, 0.230);(-0.713, 0.078, -0.037, -0.696);(0.719, 0.045, -0.041, 0.693)
8.460495;(0.132, -0.467, 0.261);(-0.094, -0.481, 0.227);(-0.711, 0.071, -0.037, -0.698);(0.718, 0.057, -0.052, 0.692)
8.473053;(0.132, -0.468, 0.259);(-0.094, -0.479, 0.225);(-0.712, 0.061, -0.040, -0.699);(0.718, 0.066, -0.061, 0.690)
8.485465;(0.131, -0.469, 0.256);(-0.092, -0.480, 0.223);(-0.714, 0.057, -0.031, -0.697);(0.714, 0.075, -0.067, 0.693)
8.496013;(0.130, -0.470, 0.253);(-0.092, -0.479, 0.222);(-0.721, 0.055, -0.024, -0.691);(0.711, 0.084, -0.078, 0.694)
8.507649;(0.129, -0.470, 0.251);(-0.091, -0.479, 0.220);(-0.727, 0.052, -0.021, -0.685);(0.708, 0.095, -0.089, 0.694)
8.518077;(0.129, -0.469, 0.249);(-0.090, -0.479, 0.219);(-0.731, 0.051, -0.022, -0.680);(0.705, 0.102, -0.096, 0.696)
8.531998;(0.128, -0.469, 0.247);(-0.088, -0.478, 0.217);(-0.733, 0.052, -0.022, -0.677);(0.703, 0.107, -0.100, 0.696)
8.543766;(0.128, -0.469, 0.244);(-0.087, -0.479, 0.216);(-0.736, 0.052, -0.020, -0.675);(0.702, 0.111, -0.102, 0.696)
8.556436;(0.128, -0.468, 0.241);(-0.086, -0.478, 0.214);(-0.740, 0.049, -0.015, -0.671);(0.703, 0.113, -0.104, 0.695)
8.570702;(0.128, -0.468, 0.237);(-0.086, -0.479, 0.211);(-0.745, 0.038, -0.007, -0.666);(0.706, 0.115, -0.108, 0.691)
8.586032;(0.129, -0.468, 0.234);(-0.085, -0.479, 0.208);(-0.750, 0.024, -0.001, -0.661);(0.711, 0.118, -0.114, 0.684)
8.600283;(0.131, -0.469, 0.231);(-0.084, -0.480, 0.206);(-0.755, 0.009, 0.003, -0.656);(0.717, 0.121, -0.117, 0.676)
8.615478;(0.132, -0.468, 0.229);(-0.083, -0.480, 0.207);(-0.758, 0.000, 0.003, -0.653);(0.716, 0.122, -0.118, 0.677)
8.628498;(0.133, -0.468, 0.227);(-0.083, -0.478, 0.210);(0.763, 0.002, -0.002, 0.647);(0.702, 0.114, -0.109, 0.695)
8.646284;(0.134, -0.469, 0.224);(-0.082, -0.479, 0.204);(0.768, 0.006, 0.005, 0.641);(0.715, 0.110, -0.108, 0.682)
8.660874;(0.129, -0.469, 0.229);(-0.081, -0.477, 0.206);(0.751, 0.008, -0.001, 0.661);(0.709, 0.104, -0.099, 0.690)
8.675403;(0.126, -0.469, 0.231);(-0.080, -0.477, 0.202);(0.742, 0.020, -0.014, 0.670);(0.714, 0.101, -0.098, 0.686)
8.690536;(0.127, -0.470, 0.228);(-0.080, -0.478, 0.203);(0.743, 0.026, -0.025, 0.668);(0.711, 0.098, -0.094, 0.690)
8.705874;(0.125, -0.469, 0.224);(-0.079, -0.477, 0.206);(0.744, 0.029, -0.029, 0.667);(0.711, 0.115, -0.111, 0.685)
8.721239;(0.121, -0.470, 0.220);(-0.079, -0.478, 0.205);(0.741, 0.038, -0.037, 0.670);(0.709, 0.122, -0.117, 0.685)
8.733315;(0.122, -0.470, 0.222);(-0.079, -0.477, 0.205);(0.736, 0.051, -0.047, 0.674);(0.709, 0.124, -0.119, 0.683)
8.745339;(0.122, -0.470, 0.221);(-0.079, -0.477, 0.205);(0.735, 0.067, -0.062, 0.672);(0.709, 0.123, -0.118, 0.684)
8.757281;(0.121, -0.471, 0.219);(-0.078, -0.477, 0.205);(0.732, 0.082, -0.077, 0.672);(0.709, 0.123, -0.118, 0.685)
8.767879;(0.120, -0.472, 0.221);(-0.076, -0.477, 0.204);(0.726, 0.087, -0.081, 0.677);(0.708, 0.128, -0.123, 0.684)
8.78093;(0.119, -0.475, 0.221);(-0.074, -0.476, 0.204);(0.716, 0.089, -0.083, 0.688);(0.706, 0.136, -0.130, 0.682)
8.792857;(0.119, -0.477, 0.224);(-0.074, -0.476, 0.205);(0.695, 0.090, -0.086, 0.708);(0.703, 0.150, -0.144, 0.680)
8.805614;(0.126, -0.459, 0.229);(-0.073, -0.468, 0.206);(0.677, 0.093, -0.067, 0.727);(0.701, 0.164, -0.158, 0.676)
8.818521;(0.118, -0.474, 0.217);(-0.073, -0.476, 0.206);(0.709, 0.094, -0.082, 0.695);(0.700, 0.170, -0.164, 0.674)
8.831876;(0.114, -0.473, 0.211);(-0.072, -0.477, 0.206);(0.725, 0.095, -0.105, 0.674);(0.699, 0.174, -0.169, 0.672)
8.843492;(0.118, -0.471, 0.214);(-0.072, -0.476, 0.207);(0.726, 0.102, -0.109, 0.672);(0.701, 0.176, -0.171, 0.670)
8.856082;(0.118, -0.471, 0.217);(-0.074, -0.477, 0.203);(0.700, 0.111, -0.101, 0.698);(0.702, 0.170, -0.165, 0.672)
8.868774;(0.117, -0.473, 0.213);(-0.075, -0.476, 0.205);(0.709, 0.111, -0.102, 0.689);(0.701, 0.162, -0.156, 0.677)
8.882483;(0.115, -0.473, 0.211);(-0.073, -0.476, 0.206);(0.721, 0.109, -0.107, 0.676);(0.703, 0.162, -0.156, 0.674)
8.894012;(0.117, -0.472, 0.215);(-0.073, -0.476, 0.205);(0.709, 0.112, -0.103, 0.688);(0.700, 0.163, -0.156, 0.677)
8.907427;(0.117, -0.472, 0.215);(-0.073, -0.475, 0.207);(0.708, 0.110, -0.102, 0.690);(0.702, 0.162, -0.156, 0.675)
8.918959;(0.116, -0.473, 0.212);(-0.073, -0.476, 0.205);(0.719, 0.108, -0.105, 0.679);(0.701, 0.162, -0.157, 0.676)
8.931989;(0.116, -0.473, 0.213);(-0.073, -0.475, 0.206);(0.713, 0.112, -0.105, 0.684);(0.702, 0.162, -0.156, 0.675)
8.944518;(0.118, -0.473, 0.215);(-0.073, -0.475, 0.205);(0.712, 0.108, -0.101, 0.687);(0.702, 0.162, -0.157, 0.676)
8.95683;(0.117, -0.473, 0.213);(-0.073, -0.475, 0.206);(0.717, 0.106, -0.102, 0.682);(0.702, 0.162, -0.157, 0.675)
8.969666;(0.116, -0.474, 0.213);(-0.073, -0.475, 0.206);(0.716, 0.106, -0.102, 0.682);(0.701, 0.163, -0.156, 0.676)
8.981942;(0.117, -0.473, 0.214);(-0.073, -0.475, 0.206);(0.713, 0.107, -0.100, 0.686);(0.703, 0.162, -0.157, 0.675)
8.994631;(0.117, -0.473, 0.214);(-0.073, -0.475, 0.207);(0.714, 0.107, -0.101, 0.684);(0.702, 0.162, -0.157, 0.676)
9.007432;(0.117, -0.473, 0.213);(-0.073, -0.475, 0.206);(0.717, 0.105, -0.103, 0.681);(0.702, 0.162, -0.156, 0.676)
9.019478;(0.116, -0.472, 0.214);(-0.073, -0.475, 0.206);(0.714, 0.108, -0.101, 0.685);(0.702, 0.162, -0.157, 0.675)
9.03259;(0.117, -0.473, 0.214);(-0.073, -0.475, 0.206);(0.713, 0.108, -0.100, 0.686);(0.702, 0.162, -0.157, 0.676)
9.044638;(0.117, -0.473, 0.214);(-0.073, -0.475, 0.206);(0.714, 0.107, -0.101, 0.685);(0.702, 0.162, -0.157, 0.676)
9.05766;(0.117, -0.473, 0.213);(-0.073, -0.475, 0.206);(0.715, 0.106, -0.102, 0.683);(0.702, 0.162, -0.157, 0.675)
9.069666;(0.117, -0.474, 0.213);(-0.073, -0.475, 0.207);(0.715, 0.106, -0.102, 0.684);(0.702, 0.162, -0.157, 0.676)
9.082518;(0.117, -0.474, 0.214);(-0.073, -0.475, 0.206);(0.713, 0.107, -0.101, 0.686);(0.702, 0.163, -0.157, 0.676)
9.095002;(0.117, -0.474, 0.214);(-0.073, -0.475, 0.206);(0.713, 0.107, -0.101, 0.686);(0.702, 0.162, -0.157, 0.675)
9.107675;(0.117, -0.474, 0.213);(-0.073, -0.475, 0.207);(0.715, 0.106, -0.102, 0.683);(0.702, 0.162, -0.157, 0.676)
9.120615;(0.117, -0.474, 0.213);(-0.073, -0.475, 0.207);(0.715, 0.106, -0.102, 0.684);(0.702, 0.163, -0.157, 0.676)
9.132664;(0.117, -0.474, 0.213);(-0.073, -0.474, 0.207);(0.713, 0.107, -0.101, 0.685);(0.702, 0.163, -0.157, 0.676)
9.148577;(0.117, -0.474, 0.213);(-0.073, -0.474, 0.207);(0.713, 0.107, -0.101, 0.686);(0.702, 0.163, -0.157, 0.675)
9.159557;(0.117, -0.475, 0.213);(-0.073, -0.474, 0.207);(0.714, 0.107, -0.102, 0.684);(0.702, 0.163, -0.157, 0.676)
9.170671;(0.117, -0.475, 0.213);(-0.073, -0.474, 0.207);(0.715, 0.106, -0.102, 0.684);(0.702, 0.163, -0.157, 0.676)
9.182946;(0.117, -0.475, 0.213);(-0.073, -0.474, 0.207);(0.714, 0.107, -0.101, 0.685);(0.702, 0.163, -0.157, 0.675)
9.195062;(0.117, -0.475, 0.213);(-0.073, -0.474, 0.207);(0.713, 0.107, -0.101, 0.685);(0.702, 0.163, -0.157, 0.676)
9.207791;(0.117, -0.475, 0.213);(-0.073, -0.474, 0.207);(0.713, 0.107, -0.101, 0.685);(0.702, 0.163, -0.157, 0.676)
9.220684;(0.117, -0.475, 0.213);(-0.073, -0.474, 0.207);(0.714, 0.106, -0.102, 0.684);(0.702, 0.163, -0.157, 0.675)
9.233326;(0.117, -0.475, 0.213);(-0.073, -0.474, 0.207);(0.714, 0.106, -0.102, 0.684);(0.702, 0.163, -0.157, 0.676)
9.245457;(0.117, -0.475, 0.213);(-0.073, -0.474, 0.207);(0.714, 0.107, -0.101, 0.685);(0.702, 0.163, -0.157, 0.676)
9.257895;(0.118, -0.475, 0.213);(-0.073, -0.474, 0.207);(0.713, 0.107, -0.101, 0.685);(0.702, 0.163, -0.157, 0.676)
9.270824;(0.118, -0.475, 0.213);(-0.073, -0.474, 0.207);(0.714, 0.107, -0.101, 0.685);(0.702, 0.163, -0.157, 0.676)
9.283502;(0.118, -0.475, 0.213);(-0.073, -0.474, 0.207);(0.714, 0.106, -0.102, 0.684);(0.702, 0.163, -0.157, 0.676)
9.295993;(0.118, -0.475, 0.213);(-0.073, -0.474, 0.207);(0.714, 0.107, -0.102, 0.684);(0.702, 0.163, -0.157, 0.676)
9.308732;(0.118, -0.475, 0.213);(-0.073, -0.474, 0.207);(0.714, 0.107, -0.101, 0.685);(0.702, 0.163, -0.157, 0.676)
9.320642;(0.118, -0.475, 0.213);(-0.073, -0.474, 0.207);(0.713, 0.107, -0.101, 0.685);(0.702, 0.163, -0.157, 0.676)
9.333433;(0.118, -0.475, 0.213);(-0.073, -0.474, 0.207);(0.714, 0.107, -0.102, 0.684);(0.702, 0.163, -0.157, 0.676)
9.34621;(0.118, -0.475, 0.213);(-0.073, -0.474, 0.207);(0.714, 0.107, -0.102, 0.684);(0.702, 0.163, -0.157, 0.676)
9.35836;(0.118, -0.475, 0.213);(-0.073, -0.474, 0.207);(0.714, 0.107, -0.101, 0.685);(0.702, 0.163, -0.157, 0.676)
9.371616;(0.118, -0.475, 0.213);(-0.073, -0.474, 0.207);(0.714, 0.107, -0.101, 0.685);(0.702, 0.163, -0.157, 0.676)
9.383265;(0.118, -0.475, 0.213);(-0.073, -0.474, 0.207);(0.713, 0.107, -0.101, 0.685);(0.702, 0.163, -0.157, 0.676)
9.39619;(0.118, -0.475, 0.213);(-0.073, -0.474, 0.207);(0.714, 0.107, -0.102, 0.684);(0.702, 0.163, -0.157, 0.676)
9.410285;(0.118, -0.475, 0.213);(-0.073, -0.474, 0.207);(0.714, 0.107, -0.102, 0.684);(0.702, 0.163, -0.157, 0.676)
9.422281;(0.118, -0.475, 0.213);(-0.073, -0.474, 0.207);(0.714, 0.107, -0.101, 0.685);(0.702, 0.163, -0.157, 0.676)
9.437355;(0.118, -0.475, 0.213);(-0.073, -0.474, 0.207);(0.713, 0.107, -0.101, 0.685);(0.702, 0.163, -0.157, 0.676)
9.450381;(0.118, -0.475, 0.213);(-0.073, -0.474, 0.207);(0.714, 0.107, -0.101, 0.685);(0.702, 0.163, -0.157, 0.676)
9.465544;(0.117, -0.475, 0.213);(-0.073, -0.474, 0.207);(0.714, 0.107, -0.102, 0.684);(0.702, 0.163, -0.157, 0.676)
9.478509;(0.117, -0.475, 0.213);(-0.073, -0.474, 0.207);(0.714, 0.107, -0.102, 0.685);(0.702, 0.163, -0.157, 0.676)
9.492887;(0.117, -0.475, 0.213);(-0.073, -0.474, 0.207);(0.714, 0.107, -0.101, 0.685);(0.702, 0.163, -0.157, 0.676)
9.506745;(0.118, -0.475, 0.213);(-0.073, -0.474, 0.207);(0.713, 0.107, -0.101, 0.685);(0.702, 0.163, -0.157, 0.676)
9.522158;(0.117, -0.475, 0.213);(-0.073, -0.474, 0.207);(0.714, 0.107, -0.102, 0.684);(0.702, 0.163, -0.157, 0.676)
9.540992;(0.117, -0.475, 0.213);(-0.073, -0.474, 0.207);(0.714, 0.107, -0.101, 0.685);(0.702, 0.163, -0.157, 0.676)
9.552694;(0.117, -0.475, 0.213);(-0.073, -0.474, 0.207);(0.713, 0.107, -0.101, 0.685);(0.702, 0.163, -0.157, 0.676)
9.564171;(0.117, -0.475, 0.213);(-0.073, -0.474, 0.207);(0.714, 0.107, -0.101, 0.685);(0.702, 0.163, -0.157, 0.676)
9.576465;(0.117, -0.474, 0.213);(-0.073, -0.474, 0.207);(0.714, 0.107, -0.102, 0.684);(0.702, 0.163, -0.157, 0.676)
9.587852;(0.117, -0.474, 0.213);(-0.073, -0.474, 0.207);(0.714, 0.107, -0.101, 0.685);(0.702, 0.163, -0.157, 0.676)
9.59969;(0.117, -0.474, 0.213);(-0.073, -0.474, 0.207);(0.714, 0.107, -0.101, 0.685);(0.702, 0.163, -0.157, 0.676)
9.612096;(0.117, -0.474, 0.213);(-0.073, -0.474, 0.207);(0.713, 0.107, -0.101, 0.685);(0.702, 0.163, -0.157, 0.676)
9.625071;(0.117, -0.474, 0.213);(-0.073, -0.474, 0.207);(0.714, 0.107, -0.102, 0.684);(0.702, 0.163, -0.157, 0.676)
9.638412;(0.117, -0.474, 0.213);(-0.073, -0.474, 0.207);(0.714, 0.107, -0.101, 0.685);(0.702, 0.163, -0.157, 0.676)
9.651107;(0.117, -0.474, 0.213);(-0.073, -0.474, 0.207);(0.714, 0.108, -0.101, 0.685);(0.702, 0.163, -0.157, 0.676)
9.662649;(0.118, -0.474, 0.213);(-0.073, -0.474, 0.207);(0.714, 0.108, -0.101, 0.685);(0.702, 0.163, -0.157, 0.676)
9.675892;(0.117, -0.474, 0.213);(-0.073, -0.474, 0.207);(0.714, 0.107, -0.102, 0.684);(0.702, 0.163, -0.157, 0.676)
9.689185;(0.117, -0.474, 0.213);(-0.073, -0.474, 0.207);(0.714, 0.107, -0.101, 0.684);(0.702, 0.163, -0.157, 0.676)
9.701086;(0.117, -0.474, 0.213);(-0.073, -0.474, 0.207);(0.714, 0.108, -0.101, 0.685);(0.702, 0.163, -0.157, 0.676)
9.713844;(0.117, -0.474, 0.213);(-0.073, -0.474, 0.207);(0.714, 0.108, -0.101, 0.685);(0.702, 0.163, -0.157, 0.676)
9.725865;(0.117, -0.474, 0.213);(-0.073, -0.474, 0.207);(0.714, 0.107, -0.102, 0.684);(0.702, 0.163, -0.157, 0.676)
9.740087;(0.117, -0.474, 0.213);(-0.073, -0.474, 0.207);(0.714, 0.108, -0.101, 0.685);(0.702, 0.163, -0.157, 0.676)
9.752474;(0.118, -0.474, 0.213);(-0.073, -0.474, 0.207);(0.714, 0.108, -0.101, 0.685);(0.702, 0.163, -0.157, 0.676)
9.766405;(0.118, -0.474, 0.213);(-0.073, -0.474, 0.207);(0.714, 0.108, -0.102, 0.685);(0.702, 0.163, -0.157, 0.676)
9.779599;(0.118, -0.474, 0.213);(-0.073, -0.474, 0.207);(0.714, 0.108, -0.101, 0.685);(0.702, 0.163, -0.157, 0.676)
9.7911;(0.118, -0.474, 0.213);(-0.073, -0.474, 0.207);(0.714, 0.108, -0.101, 0.685);(0.702, 0.163, -0.157, 0.676)
9.803467;(0.118, -0.474, 0.213);(-0.073, -0.474, 0.207);(0.714, 0.108, -0.102, 0.684);(0.702, 0.163, -0.157, 0.676)
9.816522;(0.117, -0.474, 0.213);(-0.073, -0.474, 0.207);(0.714, 0.108, -0.101, 0.685);(0.702, 0.163, -0.157, 0.676)
9.829618;(0.117, -0.474, 0.213);(-0.073, -0.474, 0.207);(0.714, 0.108, -0.101, 0.685);(0.702, 0.163, -0.157, 0.676)
9.841497;(0.117, -0.474, 0.213);(-0.073, -0.474, 0.207);(0.714, 0.108, -0.101, 0.684);(0.702, 0.163, -0.157, 0.676)
9.854684;(0.117, -0.474, 0.213);(-0.073, -0.474, 0.207);(0.714, 0.108, -0.101, 0.685);(0.702, 0.163, -0.157, 0.676)
9.869683;(0.117, -0.474, 0.213);(-0.073, -0.474, 0.207);(0.714, 0.108, -0.101, 0.685);(0.702, 0.163, -0.157, 0.676)
9.886084;(0.117, -0.474, 0.213);(-0.073, -0.474, 0.207);(0.714, 0.108, -0.101, 0.684);(0.702, 0.163, -0.157, 0.676)
9.900879;(0.117, -0.474, 0.214);(-0.073, -0.474, 0.207);(0.714, 0.108, -0.101, 0.684);(0.702, 0.163, -0.157, 0.676)
9.916277;(0.117, -0.474, 0.214);(-0.073, -0.474, 0.207);(0.714, 0.108, -0.101, 0.685);(0.702, 0.163, -0.157, 0.676)
9.927785;(0.117, -0.474, 0.214);(-0.073, -0.474, 0.207);(0.714, 0.108, -0.101, 0.684);(0.702, 0.163, -0.157, 0.676)
9.940486;(0.117, -0.474, 0.214);(-0.073, -0.474, 0.207);(0.714, 0.108, -0.101, 0.685);(0.702, 0.163, -0.157, 0.676)
9.952876;(0.117, -0.474, 0.214);(-0.073, -0.474, 0.207);(0.714, 0.108, -0.101, 0.685);(0.702, 0.163, -0.157, 0.676)
9.966646;(0.117, -0.474, 0.214);(-0.073, -0.474, 0.207);(0.714, 0.108, -0.101, 0.685);(0.702, 0.163, -0.157, 0.676)
9.978208;(0.118, -0.474, 0.213);(-0.073, -0.474, 0.207);(0.714, 0.108, -0.101, 0.685);(0.702, 0.163, -0.157, 0.676)
9.991083;(0.118, -0.474, 0.213);(-0.073, -0.474, 0.207);(0.714, 0.108, -0.101, 0.685);(0.702, 0.163, -0.157, 0.676)
10.00418;(0.118, -0.474, 0.213);(-0.073, -0.474, 0.207);(0.714, 0.108, -0.101, 0.685);(0.702, 0.163, -0.157, 0.676)
10.01952;(0.118, -0.474, 0.213);(-0.073, -0.474, 0.207);(0.714, 0.108, -0.101, 0.685);(0.702, 0.163, -0.157, 0.676)
10.03245;(0.118, -0.474, 0.213);(-0.073, -0.474, 0.207);(0.714, 0.108, -0.101, 0.685);(0.702, 0.163, -0.157, 0.676)
10.04464;(0.118, -0.474, 0.213);(-0.073, -0.474, 0.207);(0.714, 0.108, -0.101, 0.685);(0.702, 0.163, -0.157, 0.676)
10.05652;(0.118, -0.474, 0.213);(-0.073, -0.474, 0.207);(0.714, 0.108, -0.101, 0.685);(0.702, 0.163, -0.157, 0.676)
10.06896;(0.118, -0.474, 0.213);(-0.073, -0.474, 0.207);(0.714, 0.108, -0.101, 0.685);(0.702, 0.163, -0.157, 0.676)
10.09798;(0.118, -0.474, 0.213);(-0.073, -0.474, 0.207);(0.714, 0.108, -0.101, 0.685);(0.702, 0.163, -0.157, 0.676)
10.11209;(0.118, -0.474, 0.213);(-0.073, -0.474, 0.207);(0.714, 0.108, -0.101, 0.685);(0.702, 0.163, -0.157, 0.676)
10.12412;(0.118, -0.474, 0.213);(-0.073, -0.474, 0.207);(0.714, 0.108, -0.101, 0.685);(0.702, 0.163, -0.157, 0.676)
10.13758;(0.118, -0.474, 0.213);(-0.073, -0.474, 0.207);(0.714, 0.108, -0.101, 0.685);(0.702, 0.163, -0.157, 0.676)
10.15007;(0.118, -0.474, 0.213);(-0.073, -0.474, 0.207);(0.714, 0.108, -0.101, 0.685);(0.702, 0.163, -0.157, 0.676)
10.16592;(0.118, -0.474, 0.213);(-0.073, -0.474, 0.207);(0.714, 0.108, -0.101, 0.685);(0.702, 0.163, -0.157, 0.676)
10.1766;(0.118, -0.474, 0.213);(-0.073, -0.474, 0.207);(0.714, 0.108, -0.101, 0.685);(0.702, 0.163, -0.157, 0.676)
10.18719;(0.118, -0.474, 0.213);(-0.073, -0.474, 0.207);(0.714, 0.108, -0.101, 0.685);(0.702, 0.163, -0.157, 0.676)
10.20024;(0.118, -0.474, 0.213);(-0.073, -0.474, 0.207);(0.714, 0.108, -0.101, 0.685);(0.702, 0.163, -0.157, 0.676)
10.21459;(0.118, -0.474, 0.213);(-0.073, -0.474, 0.207);(0.714, 0.108, -0.101, 0.685);(0.702, 0.163, -0.157, 0.676)
10.22522;(0.118, -0.474, 0.213);(-0.073, -0.474, 0.207);(0.714, 0.108, -0.101, 0.685);(0.702, 0.163, -0.157, 0.676)
10.23717;(0.118, -0.474, 0.213);(-0.073, -0.474, 0.207);(0.714, 0.108, -0.101, 0.685);(0.702, 0.163, -0.157, 0.676)
10.24947;(0.118, -0.474, 0.213);(-0.073, -0.474, 0.207);(0.714, 0.108, -0.101, 0.685);(0.702, 0.163, -0.157, 0.676)
10.26015;(0.118, -0.474, 0.213);(-0.073, -0.474, 0.207);(0.714, 0.108, -0.101, 0.685);(0.702, 0.163, -0.157, 0.676)
10.2733;(0.118, -0.474, 0.213);(-0.073, -0.474, 0.207);(0.714, 0.108, -0.101, 0.685);(0.702, 0.163, -0.157, 0.676)
10.2849;(0.118, -0.474, 0.213);(-0.073, -0.474, 0.207);(0.714, 0.108, -0.101, 0.685);(0.702, 0.163, -0.157, 0.676)
10.2962;(0.118, -0.474, 0.213);(-0.073, -0.474, 0.207);(0.714, 0.108, -0.101, 0.685);(0.702, 0.163, -0.157, 0.676)
10.30759;(0.118, -0.474, 0.213);(-0.073, -0.474, 0.207);(0.714, 0.108, -0.102, 0.685);(0.702, 0.163, -0.157, 0.676)
10.31857;(0.118, -0.474, 0.213);(-0.073, -0.474, 0.207);(0.714, 0.108, -0.101, 0.685);(0.702, 0.163, -0.157, 0.676)
10.32961;(0.118, -0.474, 0.213);(-0.073, -0.474, 0.207);(0.714, 0.108, -0.101, 0.685);(0.702, 0.163, -0.157, 0.676)
10.34091;(0.118, -0.474, 0.213);(-0.073, -0.474, 0.207);(0.714, 0.108, -0.101, 0.685);(0.702, 0.163, -0.157, 0.676)
10.35403;(0.118, -0.474, 0.213);(-0.073, -0.474, 0.207);(0.714, 0.108, -0.101, 0.685);(0.702, 0.163, -0.157, 0.676)
10.36899;(0.118, -0.474, 0.213);(-0.073, -0.474, 0.207);(0.714, 0.108, -0.101, 0.685);(0.702, 0.163, -0.157, 0.676)
10.38089;(0.118, -0.474, 0.213);(-0.073, -0.474, 0.207);(0.714, 0.108, -0.101, 0.685);(0.702, 0.163, -0.157, 0.676)
10.3927;(0.118, -0.474, 0.213);(-0.073, -0.474, 0.207);(0.714, 0.108, -0.101, 0.685);(0.702, 0.163, -0.157, 0.676)
10.40551;(0.118, -0.474, 0.213);(-0.073, -0.474, 0.207);(0.714, 0.108, -0.101, 0.685);(0.702, 0.163, -0.157, 0.676)
10.41862;(0.118, -0.474, 0.213);(-0.073, -0.474, 0.207);(0.714, 0.108, -0.101, 0.685);(0.702, 0.163, -0.157, 0.676)
10.43202;(0.118, -0.474, 0.213);(-0.073, -0.474, 0.207);(0.714, 0.108, -0.101, 0.685);(0.702, 0.163, -0.157, 0.676)
10.44418;(0.118, -0.474, 0.213);(-0.073, -0.474, 0.207);(0.714, 0.108, -0.101, 0.685);(0.702, 0.163, -0.157, 0.676)
10.45704;(0.118, -0.474, 0.213);(-0.073, -0.474, 0.207);(0.714, 0.108, -0.101, 0.685);(0.702, 0.163, -0.157, 0.676)
10.46928;(0.118, -0.474, 0.213);(-0.073, -0.474, 0.207);(0.714, 0.108, -0.101, 0.685);(0.702, 0.163, -0.157, 0.676)
10.48214;(0.118, -0.474, 0.213);(-0.073, -0.474, 0.207);(0.714, 0.108, -0.101, 0.685);(0.702, 0.163, -0.157, 0.676)
10.49397;(0.118, -0.474, 0.213);(-0.073, -0.474, 0.207);(0.714, 0.108, -0.101, 0.685);(0.702, 0.163, -0.157, 0.676)
10.50662;(0.118, -0.474, 0.213);(-0.073, -0.474, 0.207);(0.714, 0.108, -0.101, 0.685);(0.702, 0.163, -0.157, 0.676)
10.51987;(0.118, -0.474, 0.213);(-0.073, -0.474, 0.207);(0.714, 0.108, -0.101, 0.685);(0.702, 0.163, -0.157, 0.676)
10.5329;(0.118, -0.474, 0.213);(-0.073, -0.474, 0.207);(0.714, 0.108, -0.101, 0.685);(0.702, 0.163, -0.157, 0.676)
10.5455;(0.118, -0.474, 0.213);(-0.073, -0.474, 0.207);(0.714, 0.108, -0.101, 0.685);(0.702, 0.163, -0.157, 0.676)
10.55667;(0.118, -0.474, 0.213);(-0.073, -0.474, 0.207);(0.714, 0.108, -0.101, 0.685);(0.702, 0.163, -0.157, 0.676)
10.56923;(0.118, -0.474, 0.213);(-0.073, -0.474, 0.207);(0.714, 0.108, -0.101, 0.685);(0.702, 0.163, -0.157, 0.676)
10.58268;(0.118, -0.474, 0.213);(-0.073, -0.474, 0.207);(0.714, 0.108, -0.101, 0.685);(0.702, 0.163, -0.157, 0.676)
10.59524;(0.118, -0.474, 0.213);(-0.073, -0.474, 0.207);(0.714, 0.108, -0.101, 0.685);(0.702, 0.163, -0.157, 0.676)
10.60805;(0.118, -0.474, 0.213);(-0.073, -0.474, 0.207);(0.714, 0.108, -0.101, 0.685);(0.702, 0.163, -0.157, 0.676)
10.6199;(0.118, -0.474, 0.213);(-0.073, -0.474, 0.207);(0.714, 0.108, -0.101, 0.685);(0.702, 0.163, -0.157, 0.676)
10.63274;(0.118, -0.474, 0.213);(-0.073, -0.474, 0.207);(0.714, 0.108, -0.102, 0.685);(0.702, 0.163, -0.157, 0.676)
10.64485;(0.118, -0.474, 0.213);(-0.073, -0.474, 0.207);(0.714, 0.108, -0.101, 0.685);(0.702, 0.163, -0.157, 0.676)
10.65808;(0.118, -0.474, 0.213);(-0.073, -0.474, 0.207);(0.714, 0.108, -0.101, 0.685);(0.702, 0.163, -0.157, 0.676)
10.67103;(0.118, -0.474, 0.213);(-0.073, -0.474, 0.207);(0.714, 0.108, -0.101, 0.685);(0.702, 0.163, -0.157, 0.676)
10.68271;(0.118, -0.474, 0.213);(-0.073, -0.474, 0.207);(0.714, 0.108, -0.101, 0.685);(0.702, 0.163, -0.157, 0.676)
10.69526;(0.118, -0.474, 0.213);(-0.073, -0.474, 0.207);(0.714, 0.108, -0.101, 0.685);(0.702, 0.163, -0.157, 0.676)
10.70835;(0.118, -0.474, 0.213);(-0.073, -0.474, 0.207);(0.714, 0.108, -0.101, 0.685);(0.702, 0.163, -0.157, 0.676)
10.72132;(0.118, -0.474, 0.213);(-0.073, -0.474, 0.207);(0.714, 0.108, -0.101, 0.685);(0.702, 0.163, -0.157, 0.676)
10.73293;(0.118, -0.474, 0.213);(-0.073, -0.474, 0.207);(0.714, 0.108, -0.101, 0.685);(0.702, 0.163, -0.157, 0.676)
10.7457;(0.118, -0.474, 0.213);(-0.073, -0.474, 0.207);(0.714, 0.108, -0.101, 0.685);(0.702, 0.163, -0.157, 0.676)
10.75815;(0.118, -0.474, 0.213);(-0.073, -0.474, 0.207);(0.714, 0.108, -0.101, 0.685);(0.702, 0.163, -0.157, 0.676)
10.77103;(0.118, -0.474, 0.213);(-0.073, -0.474, 0.207);(0.714, 0.108, -0.101, 0.685);(0.702, 0.163, -0.157, 0.676)
10.78391;(0.118, -0.474, 0.213);(-0.073, -0.474, 0.207);(0.714, 0.108, -0.101, 0.685);(0.702, 0.163, -0.157, 0.676)
10.79562;(0.118, -0.474, 0.213);(-0.073, -0.474, 0.207);(0.714, 0.108, -0.101, 0.685);(0.702, 0.163, -0.157, 0.676)
10.80833;(0.118, -0.474, 0.213);(-0.073, -0.474, 0.207);(0.714, 0.108, -0.101, 0.685);(0.702, 0.163, -0.157, 0.676)
10.82404;(0.118, -0.474, 0.213);(-0.073, -0.474, 0.207);(0.714, 0.108, -0.101, 0.685);(0.702, 0.163, -0.157, 0.676)
10.83702;(0.118, -0.474, 0.213);(-0.073, -0.474, 0.207);(0.714, 0.108, -0.101, 0.685);(0.702, 0.163, -0.157, 0.676)
10.84949;(0.118, -0.474, 0.213);(-0.073, -0.474, 0.207);(0.714, 0.108, -0.101, 0.685);(0.702, 0.163, -0.157, 0.676)
10.86106;(0.118, -0.474, 0.213);(-0.073, -0.474, 0.207);(0.714, 0.108, -0.101, 0.685);(0.702, 0.163, -0.157, 0.676)
10.8751;(0.118, -0.474, 0.213);(-0.073, -0.474, 0.207);(0.714, 0.108, -0.101, 0.685);(0.702, 0.163, -0.157, 0.676)
10.90089;(0.118, -0.474, 0.213);(-0.073, -0.474, 0.207);(0.714, 0.108, -0.101, 0.685);(0.702, 0.163, -0.157, 0.676)
10.91402;(0.118, -0.474, 0.213);(-0.073, -0.474, 0.207);(0.714, 0.108, -0.101, 0.685);(0.702, 0.163, -0.157, 0.676)
10.92739;(0.118, -0.474, 0.213);(-0.073, -0.474, 0.207);(0.714, 0.108, -0.101, 0.685);(0.702, 0.163, -0.157, 0.676)
10.9389;(0.118, -0.474, 0.213);(-0.073, -0.474, 0.207);(0.714, 0.108, -0.101, 0.685);(0.702, 0.163, -0.157, 0.676)
10.95077;(0.118, -0.474, 0.213);(-0.073, -0.474, 0.207);(0.714, 0.108, -0.101, 0.685);(0.702, 0.163, -0.157, 0.676)
10.96123;(0.118, -0.474, 0.213);(-0.073, -0.474, 0.207);(0.714, 0.108, -0.101, 0.685);(0.702, 0.163, -0.157, 0.676)
10.97307;(0.118, -0.474, 0.213);(-0.073, -0.474, 0.207);(0.714, 0.108, -0.101, 0.685);(0.702, 0.163, -0.157, 0.676)
10.98567;(0.118, -0.474, 0.213);(-0.073, -0.474, 0.207);(0.714, 0.108, -0.101, 0.685);(0.702, 0.163, -0.157, 0.676)
10.99764;(0.118, -0.474, 0.213);(-0.073, -0.474, 0.207);(0.714, 0.108, -0.101, 0.685);(0.702, 0.163, -0.157, 0.676)
11.00835;(0.118, -0.474, 0.213);(-0.073, -0.474, 0.207);(0.714, 0.108, -0.101, 0.685);(0.702, 0.163, -0.157, 0.676)
11.02062;(0.118, -0.474, 0.213);(-0.073, -0.474, 0.207);(0.714, 0.108, -0.101, 0.685);(0.702, 0.163, -0.157, 0.676)
11.03238;(0.118, -0.474, 0.213);(-0.073, -0.474, 0.207);(0.714, 0.108, -0.101, 0.685);(0.702, 0.163, -0.157, 0.676)
