0;(0.0, 0.0, 0.0);(0.0, 0.0, 0.0)
0.02;(0.0, 0.0, 0.0);(0.0, 0.0, 0.0)
0.3533334;(0.0, 0.0, 0.0);(0.0, 0.0, 0.0)
0.4001513;(0.0, 0.0, 0.0);(0.0, 0.0, 0.0)
0.4156003;(0.0, 0.0, 0.0);(0.0, 0.0, 0.0)
0.4234746;(0.0, 0.0, 0.0);(0.0, 0.0, 0.0)
0.4306758;(0.0, 0.0, 0.0);(0.0, 0.0, 0.0)
0.4401166;(0.0, 0.0, 0.0);(0.0, 0.0, 0.0)
0.4472958;(0.0, 0.0, 0.0);(0.0, 0.0, 0.0)
0.4551286;(0.0, 0.0, 0.0);(0.0, 0.0, 0.0)
0.4621526;(0.0, 0.0, 0.0);(0.0, 0.0, 0.0)
0.4706948;(0.0, 0.0, 0.0);(0.0, 0.0, 0.0)
0.4785431;(0.0, 0.0, 0.0);(0.0, 0.0, 0.0)
0.4860883;(0.0, 0.0, 0.0);(0.0, 0.0, 0.0)
0.4932171;(0.0, 0.0, 0.0);(0.0, 0.0, 0.0)
0.4993418;(0.0, 0.0, 0.0);(0.0, 0.0, 0.0)
0.508835;(0.0, 0.0, 0.0);(0.0, 0.0, 0.0)
0.5167434;(0.0, 0.0, 0.5);(0.0, 0.0, 0.5)
0.5254217;(0.0, 0.0, 0.5);(0.0, 0.0, 0.5)
0.5335793;(0.0, 0.0, 0.5);(0.0, 0.0, 0.5)
0.5410492;(0.0, 0.0, 0.5);(0.0, 0.0, 0.5)
0.5480024;(0.0, 0.0, 0.5);(0.0, 0.0, 0.5)
0.5574481;(0.0, 0.0, 0.5);(0.0, 0.0, 0.5)
0.5648755;(0.0, 0.0, 0.5);(0.0, 0.0, 0.5)
0.5727289;(0.0, 0.0, 0.5);(0.0, 0.0, 0.5)
0.5800536;(0.0, 0.0, 0.5);(0.0, 0.0, 0.5)
0.5882273;(0.0, 0.0, 0.5);(0.0, 0.0, 0.5)
0.5946897;(0.0, 0.0, 0.5);(0.0, 0.0, 0.5)
0.6017925;(0.0, 0.0, 0.5);(0.0, 0.0, 0.5)
0.6108347;(0.0, 0.0, 0.5);(0.0, 0.0, 0.5)
0.6174352;(0.0, 0.0, 0.5);(0.0, 0.0, 0.5)
0.6239442;(0.0, 0.0, 0.5);(0.0, 0.0, 0.5)
0.631815;(0.0, 0.0, 0.5);(0.0, 0.0, 0.5)
0.6393862;(0.0, 0.0, 0.5);(0.0, 0.0, 0.5)
0.6457523;(0.0, 0.0, 0.5);(0.0, 0.0, 0.5)
0.6530464;(0.0, 0.0, 0.5);(0.0, 0.0, 0.5)
0.659632;(0.0, 0.0, 0.5);(0.0, 0.0, 0.5)
0.6662583;(0.0, 0.0, 0.5);(0.0, 0.0, 0.5)
0.6734731;(0.0, 0.0, 0.5);(0.0, 0.0, 0.5)
0.6816998;(0.0, 0.0, 0.5);(0.0, 0.0, 0.5)
0.6893873;(0.0, 0.0, 0.5);(0.0, 0.0, 0.5)
0.69596;(0.0, 0.0, 0.5);(0.0, 0.0, 0.5)
0.7036667;(0.0, 0.0, 0.5);(0.0, 0.0, 0.5)
0.711045;(0.0, 0.0, 0.5);(0.0, 0.0, 0.5)
0.7184554;(0.0, 0.0, 0.5);(0.0, 0.0, 0.5)
0.7256727;(0.0, 0.0, 0.5);(0.0, 0.0, 0.5)
0.7330061;(0.0, 0.0, 0.5);(0.0, 0.0, 0.5)
0.7407066;(0.0, 0.0, 0.5);(0.0, 0.0, 0.5)
0.7469863;(0.0, 0.0, 0.5);(0.0, 0.0, 0.5)
0.7538018;(0.0, 0.0, 0.5);(0.0, 0.0, 0.5)
0.7602558;(0.0, 0.0, 0.5);(0.0, 0.0, 0.5)
0.7674587;(0.0, 0.0, 0.5);(0.0, 0.0, 0.5)
0.7737153;(0.0, 0.0, 0.5);(0.0, 0.0, 0.5)
0.7798609;(0.0, 0.0, 0.5);(0.0, 0.0, 0.5)
0.788483;(0.0, 0.0, 0.5);(0.0, 0.0, 0.5)
0.7951846;(0.0, 0.0, 0.5);(0.0, 0.0, 0.5)
0.8021908;(0.0, 0.0, 0.5);(0.0, 0.0, 0.5)
0.8111619;(0.0, 0.0, 0.5);(0.0, 0.0, 0.5)
0.8185557;(0.0, 0.0, 0.5);(0.0, 0.0, 0.5)
0.8253108;(0.0, 0.0, 0.5);(0.0, 0.0, 0.5)
0.8331918;(0.0, 0.0, 0.5);(0.0, 0.0, 0.5)
0.8465427;(0.0, 0.0, 0.5);(0.0, 0.0, 0.5)
0.8543712;(0.0, 0.0, 0.5);(0.0, 0.0, 0.5)
0.8609961;(0.0, 0.0, 0.5);(0.0, 0.0, 0.5)
0.8689982;(0.0, 0.0, 0.5);(0.0, 0.0, 0.5)
0.8758646;(0.0, 0.0, 0.5);(0.0, 0.0, 0.5)
0.8831722;(0.0, 0.0, 0.5);(0.0, 0.0, 0.5)
0.8904966;(0.0, 0.0, 0.5);(0.0, 0.0, 0.5)
0.8982586;(0.0, 0.0, 0.5);(0.0, 0.0, 0.5)
0.905775;(0.0, 0.0, 0.5);(0.0, 0.0, 0.5)
0.913811;(0.0, 0.0, 0.5);(0.0, 0.0, 0.5)
0.9220458;(0.0, 0.0, 0.5);(0.0, 0.0, 0.5)
0.930636;(0.0, 0.0, 0.5);(0.0, 0.0, 0.5)
0.9400328;(0.0, 0.0, 0.5);(0.0, 0.0, 0.5)
0.9474778;(0.0, 0.0, 0.5);(0.0, 0.0, 0.5)
0.9543825;(0.0, 0.0, 0.5);(0.0, 0.0, 0.5)
0.9604802;(0.0, 0.0, 0.5);(0.0, 0.0, 0.5)
0.9668514;(0.0, 0.0, 0.5);(0.0, 0.0, 0.5)
0.9733781;(0.0, 0.0, 0.5);(0.0, 0.0, 0.5)
0.9790406;(0.0, 0.0, 0.5);(0.0, 0.0, 0.5)
0.9850283;(0.0, 0.0, 0.5);(0.0, 0.0, 0.5)
0.9911138;(0.0, 0.0, 0.5);(0.0, 0.0, 0.5)
0.996932;(0.0, 0.0, 0.5);(0.0, 0.0, 0.5)
1.003657;(0.0, 0.0, 0.5);(0.0, 0.0, 0.5)
1.011467;(0.0, 0.0, 0.5);(0.0, 0.0, 0.5)
1.01948;(0.0, 0.0, 0.5);(0.0, 0.0, 0.5)
1.025228;(0.0, 0.0, 0.5);(0.0, 0.0, 0.5)
1.031272;(0.0, 0.0, 0.5);(0.0, 0.0, 0.5)
1.038437;(0.0, 0.0, 0.5);(0.0, 0.0, 0.5)
1.045662;(0.0, 0.0, 0.5);(0.0, 0.0, 0.5)
1.052825;(0.0, 0.0, 0.5);(0.0, 0.0, 0.5)
1.059254;(0.0, 0.0, 0.5);(0.0, 0.0, 0.5)
1.065287;(0.0, 0.0, 0.5);(0.0, 0.0, 0.5)
1.07207;(0.0, 0.0, 0.5);(0.0, 0.0, 0.5)
1.077907;(0.0, 0.0, 0.5);(0.0, 0.0, 0.5)
1.084417;(0.0, 0.0, 0.5);(0.0, 0.0, 0.5)
1.090698;(0.0, 0.0, 0.5);(0.0, 0.0, 0.5)
1.096922;(0.0, 0.0, 0.5);(0.0, 0.0, 0.5)
1.103661;(0.0, 0.0, 0.5);(0.0, 0.0, 0.5)
1.110058;(0.0, 0.0, 0.5);(0.0, 0.0, 0.5)
1.117133;(0.0, 0.0, 0.5);(0.0, 0.0, 0.5)
1.123454;(0.0, 0.0, 0.5);(0.0, 0.0, 0.5)
1.130525;(0.0, 0.0, 0.5);(0.0, 0.0, 0.5)
1.137666;(0.0, 0.0, 0.5);(0.0, 0.0, 0.5)
1.145484;(0.0, 0.0, 0.5);(0.0, 0.0, 0.5)
1.152485;(0.0, 0.0, 0.5);(0.0, 0.0, 0.5)
1.159443;(0.0, 0.0, 0.5);(0.0, 0.0, 0.5)
1.166015;(0.0, 0.0, 0.5);(0.0, 0.0, 0.5)
1.173774;(0.0, 0.0, 0.5);(0.0, 0.0, 0.5)
1.180182;(0.0, 0.0, 0.5);(0.0, 0.0, 0.5)
1.187328;(0.0, 0.0, 0.5);(0.0, 0.0, 0.5)
1.194046;(0.0, 0.0, 0.5);(0.0, 0.0, 0.5)
1.201265;(0.0, 0.0, 0.5);(0.0, 0.0, 0.5)
1.208625;(0.0, 0.0, 0.5);(0.0, 0.0, 0.5)
1.218019;(0.0, 0.0, 0.5);(0.0, 0.0, 0.5)
1.22439;(0.0, 0.0, 0.5);(0.0, 0.0, 0.5)
1.230679;(0.0, 0.0, 0.5);(0.0, 0.0, 0.5)
1.237404;(0.0, 0.0, 0.5);(0.0, 0.0, 0.5)
1.244419;(0.0, 0.0, 0.5);(0.0, 0.0, 0.5)
1.252399;(0.0, 0.0, 0.5);(0.0, 0.0, 0.5)
1.258556;(0.0, 0.0, 0.5);(0.0, 0.0, 0.5)
1.264748;(0.0, 0.0, 0.5);(0.0, 0.0, 0.5)
1.272471;(0.0, 0.0, 0.5);(0.0, 0.0, 0.5)
1.280109;(0.0, 0.0, 0.5);(0.0, 0.0, 0.5)
1.288482;(0.0, 0.0, 0.5);(0.0, 0.0, 0.5)
1.295247;(0.0, 0.0, 0.5);(0.0, 0.0, 0.5)
1.303012;(0.0, 0.0, 0.5);(0.0, 0.0, 0.5)
1.309767;(0.0, 0.0, 0.5);(0.0, 0.0, 0.5)
1.31814;(0.0, 0.0, 0.5);(0.0, 0.0, 0.5)
1.32407;(0.0, 0.0, 0.5);(0.0, 0.0, 0.5)
1.330475;(0.0, 0.0, 0.5);(0.0, 0.0, 0.5)
1.337383;(0.0, 0.0, 0.5);(0.0, 0.0, 0.5)
1.343235;(0.0, 0.0, 0.5);(0.0, 0.0, 0.5)
1.35029;(0.0, 0.0, 0.5);(0.0, 0.0, 0.5)
1.356337;(0.0, 0.0, 0.5);(0.0, 0.0, 0.5)
1.363054;(0.0, 0.0, 0.5);(0.0, 0.0, 0.5)
1.369877;(0.0, 0.0, 0.5);(0.0, 0.0, 0.5)
1.375822;(0.0, 0.0, 0.5);(0.0, 0.0, 0.5)
1.382631;(0.0, 0.0, 0.5);(0.0, 0.0, 0.5)
1.388688;(0.0, 0.0, 0.5);(0.0, 0.0, 0.5)
1.395229;(0.0, 0.0, 0.5);(0.0, 0.0, 0.5)
1.402002;(0.0, 0.0, 0.5);(0.0, 0.0, 0.5)
1.408813;(0.0, 0.0, 0.5);(0.0, 0.0, 0.5)
1.417139;(0.0, 0.0, 0.5);(0.0, 0.0, 0.5)
1.42364;(0.0, 0.0, 0.5);(0.0, 0.0, 0.5)
1.43019;(0.0, 0.0, 0.5);(0.0, 0.0, 0.5)
1.436761;(0.0, 0.0, 0.5);(0.0, 0.0, 0.5)
1.443062;(0.0, 0.0, 0.5);(0.0, 0.0, 0.5)
1.449354;(0.0, 0.0, 0.5);(0.0, 0.0, 0.5)
1.456327;(0.0, 0.0, 0.5);(0.0, 0.0, 0.5)
1.462832;(0.0, 0.0, 0.5);(0.0, 0.0, 0.5)
1.469962;(0.0, 0.0, 0.5);(0.0, 0.0, 0.5)
1.476525;(0.0, 0.0, 0.5);(0.0, 0.0, 0.5)
1.483795;(0.0, 0.0, 0.5);(0.0, 0.0, 0.5)
1.490623;(0.0, 0.0, 0.5);(0.0, 0.0, 0.5)
1.496899;(0.0, 0.0, 0.5);(0.0, 0.0, 0.5)
1.503718;(0.0, 0.0, 0.5);(0.0, 0.0, 0.5)
1.510182;(0.0, 0.0, 0.5);(0.0, 0.0, 0.5)
1.516728;(0.0, 0.0, 0.5);(0.0, 0.0, 0.5)
1.523042;(0.0, 0.0, 0.5);(0.0, 0.0, 0.5)
1.529355;(0.0, 0.0, 0.5);(0.0, 0.0, 0.5)
1.536866;(0.0, 0.0, 0.5);(0.0, 0.0, 0.5)
1.542956;(0.0, 0.0, 0.5);(0.0, 0.0, 0.5)
1.550381;(0.0, 0.0, 0.5);(0.0, 0.0, 0.5)
1.556723;(0.0, 0.0, 0.5);(0.0, 0.0, 0.5)
1.562728;(0.0, 0.0, 0.5);(0.0, 0.0, 0.5)
1.569863;(0.0, 0.0, 0.5);(0.0, 0.0, 0.5)
1.575513;(0.0, 0.0, 0.5);(0.0, 0.0, 0.5)
1.581083;(0.0, 0.0, 0.5);(0.0, 0.0, 0.5)
1.588123;(0.0, 0.0, 0.5);(0.0, 0.0, 0.5)
1.594539;(0.0, 0.0, 0.5);(0.0, 0.0, 0.5)
1.601823;(0.0, 0.0, 0.5);(0.0, 0.0, 0.5)
1.608772;(0.0, 0.0, 0.5);(0.0, 0.0, 0.5)
1.616154;(0.0, 0.0, 0.5);(0.0, 0.0, 0.5)
1.62439;(0.0, 0.0, 0.5);(0.0, 0.0, 0.5)
1.631115;(0.0, 0.0, 0.5);(0.0, 0.0, 0.5)
1.637625;(0.0, 0.0, 0.5);(0.0, 0.0, 0.5)
1.644016;(0.0, 0.0, 0.5);(0.0, 0.0, 0.5)
1.650925;(0.0, 0.0, 0.5);(0.0, 0.0, 0.5)
1.656609;(0.0, 0.0, 0.5);(0.0, 0.0, 0.5)
1.663278;(0.0, 0.0, 0.5);(0.0, 0.0, 0.5)
1.669811;(0.0, 0.0, 0.5);(0.0, 0.0, 0.5)
1.676099;(0.0, 0.0, 0.5);(0.0, 0.0, 0.5)
1.683996;(0.0, 0.0, 0.5);(0.0, 0.0, 0.5)
1.691079;(0.0, 0.0, 0.5);(0.0, 0.0, 0.5)
1.697575;(0.0, 0.0, 0.5);(0.0, 0.0, 0.5)
1.705047;(0.0, 0.0, 0.5);(0.0, 0.0, 0.5)
1.711337;(0.0, 0.0, 0.5);(0.0, 0.0, 0.5)
1.717705;(0.0, 0.0, 0.5);(0.0, 0.0, 0.5)
1.724447;(0.0, 0.0, 0.5);(0.0, 0.0, 0.5)
1.730416;(0.0, 0.0, 0.5);(0.0, 0.0, 0.5)
1.736756;(0.0, 0.0, 0.5);(0.0, 0.0, 0.5)
1.742488;(0.0, 0.0, 0.5);(0.0, 0.0, 0.5)
1.748418;(0.0, 0.0, 0.5);(0.0, 0.0, 0.5)
1.755233;(0.0, 0.0, 0.5);(0.0, 0.0, 0.5)
1.761051;(0.0, 0.0, 0.5);(0.0, 0.0, 0.5)
1.767819;(0.0, 0.0, 0.5);(0.0, 0.0, 0.5)
1.773756;(0.0, 0.0, 0.5);(0.0, 0.0, 0.5)
1.779461;(0.0, 0.0, 0.5);(0.0, 0.0, 0.5)
1.786382;(0.0, 0.0, 0.5);(0.0, 0.0, 0.5)
1.792499;(0.0, 0.0, 0.5);(0.0, 0.0, 0.5)
1.798167;(0.0, 0.0, 0.5);(0.0, 0.0, 0.5)
1.805329;(0.0, 0.0, 0.5);(0.0, 0.0, 0.5)
1.810969;(0.0, 0.0, 0.5);(0.0, 0.0, 0.5)
1.817367;(0.0, 0.0, 0.5);(0.0, 0.0, 0.5)
1.825186;(0.0, 0.0, 0.5);(0.0, 0.0, 0.5)
1.831257;(0.0, 0.0, 0.5);(0.0, 0.0, 0.5)
1.839776;(0.0, 0.0, 0.5);(0.0, 0.0, 0.5)
1.847599;(0.0, 0.0, 0.5);(0.0, 0.0, 0.5)
1.855272;(0.0, 0.0, 0.5);(0.0, 0.0, 0.5)
1.862721;(0.0, 0.0, 0.5);(0.0, 0.0, 0.5)
1.871533;(0.0, 0.0, 0.5);(0.0, 0.0, 0.5)
1.87881;(0.0, 0.0, 0.5);(0.0, 0.0, 0.5)
1.886656;(0.0, 0.0, 0.5);(0.0, 0.0, 0.5)
1.893841;(0.0, 0.0, 0.5);(0.0, 0.0, 0.5)
1.901667;(0.0, 0.0, 0.5);(0.0, 0.0, 0.5)
1.909916;(0.0, 0.0, 0.5);(0.0, 0.0, 0.5)
1.917295;(0.0, 0.0, 0.5);(0.0, 0.0, 0.5)
1.924261;(0.0, 0.0, 0.5);(0.0, 0.0, 0.5)
1.932687;(0.0, 0.0, 0.5);(0.0, 0.0, 0.5)
1.941559;(0.0, 0.0, 0.5);(0.0, 0.0, 0.5)
1.948809;(0.0, 0.0, 0.5);(0.0, 0.0, 0.5)
1.956738;(0.0, 0.0, 0.5);(0.0, 0.0, 0.5)
1.96428;(0.0, 0.0, 0.5);(0.0, 0.0, 0.5)
1.973358;(0.0, 0.0, 0.5);(0.0, 0.0, 0.5)
1.98111;(0.0, 0.0, 0.5);(0.0, 0.0, 0.5)
1.989395;(0.0, 0.0, 0.5);(0.0, 0.0, 0.5)
1.996287;(0.0, 0.0, 0.5);(0.0, 0.0, 0.5)
2.004596;(0.0, 0.0, 0.5);(0.0, 0.0, 0.5)
2.011922;(0.0, 0.0, 0.5);(0.0, 0.0, 0.5)
2.019556;(0.0, 0.0, 0.5);(0.0, 0.0, 0.5)
2.029639;(0.0, 0.0, 0.5);(0.0, 0.0, 0.5)
2.036561;(0.0, 0.0, 0.5);(0.0, 0.0, 0.5)
2.042115;(0.0, 0.0, 0.5);(0.0, 0.0, 0.5)
2.04824;(0.0, 0.0, 0.5);(0.0, 0.0, 0.5)
2.054605;(0.0, 0.0, 0.5);(0.0, 0.0, 0.5)
2.060495;(0.0, 0.0, 0.5);(0.0, 0.0, 0.5)
2.067035;(0.0, 0.0, 0.5);(0.0, 0.0, 0.5)
2.072979;(0.0, 0.0, 0.5);(0.0, 0.0, 0.5)
2.079082;(0.0, 0.0, 0.5);(0.0, 0.0, 0.5)
2.085397;(0.0, 0.0, 0.5);(0.0, 0.0, 0.5)
2.09152;(0.0, 0.0, 0.5);(0.0, 0.0, 0.5)
2.097943;(0.0, 0.0, 0.5);(0.0, 0.0, 0.5)
2.104408;(0.0, 0.0, 0.5);(0.0, 0.0, 0.5)
2.110703;(0.0, 0.0, 0.5);(0.0, 0.0, 0.5)
2.117735;(0.0, 0.0, 0.5);(0.0, 0.0, 0.5)
2.123824;(0.0, 0.0, 0.5);(0.0, 0.0, 0.5)
2.130372;(0.0, 0.0, 0.5);(0.0, 0.0, 0.5)
2.137395;(0.0, 0.0, 0.5);(0.0, 0.0, 0.5)
2.143764;(0.0, 0.0, 0.5);(0.0, 0.0, 0.5)
2.15114;(0.0, 0.0, 0.5);(0.0, 0.0, 0.5)
2.156924;(0.0, 0.0, 0.5);(0.0, 0.0, 0.5)
2.163187;(0.0, 0.0, 0.5);(0.0, 0.0, 0.5)
2.169995;(0.0, 0.0, 0.5);(0.0, 0.0, 0.5)
2.175847;(0.0, 0.0, 0.5);(0.0, 0.0, 0.5)
2.182151;(0.0, 0.0, 0.5);(0.0, 0.0, 0.5)
2.188287;(0.0, 0.0, 0.5);(0.0, 0.0, 0.5)
2.194113;(0.0, 0.0, 0.5);(0.0, 0.0, 0.5)
2.200437;(0.0, 0.0, 0.5);(0.0, 0.0, 0.5)
2.207598;(0.0, 0.0, 0.5);(0.0, 0.0, 0.5)
2.214081;(0.0, 0.0, 0.5);(0.0, 0.0, 0.5)
2.220716;(0.0, 0.0, 0.5);(0.0, 0.0, 0.5)
2.228369;(0.0, 0.0, 0.5);(0.0, 0.0, 0.5)
2.234314;(0.0, 0.0, 0.5);(0.0, 0.0, 0.5)
2.240206;(0.0, 0.0, 0.5);(0.0, 0.0, 0.5)
2.246051;(0.0, 0.0, 0.5);(0.0, 0.0, 0.5)
2.252984;(0.0, 0.0, 0.5);(0.0, 0.0, 0.5)
2.259212;(0.0, 0.0, 0.5);(0.0, 0.0, 0.5)
2.265527;(0.0, 0.0, 0.5);(0.0, 0.0, 0.5)
2.273113;(0.0, 0.0, 0.5);(0.0, 0.0, 0.5)
2.279249;(0.0, 0.0, 0.5);(0.0, 0.0, 0.5)
2.287304;(0.0, 0.0, 0.5);(0.0, 0.0, 0.5)
2.294459;(0.0, 0.0, 0.5);(0.0, 0.0, 0.5)
2.302046;(0.0, 0.0, 0.5);(0.0, 0.0, 0.5)
2.309216;(0.0, 0.0, 0.5);(0.0, 0.0, 0.5)
2.318104;(0.0, 0.0, 0.5);(0.0, 0.0, 0.5)
2.325771;(0.0, 0.0, 0.5);(0.0, 0.0, 0.5)
2.335233;(0.0, 0.0, 0.5);(0.0, 0.0, 0.5)
2.342983;(0.0, 0.0, 0.5);(0.0, 0.0, 0.5)
2.351041;(0.0, 0.0, 0.5);(0.0, 0.0, 0.5)
2.357998;(0.0, 0.0, 0.5);(0.0, 0.0, 0.5)
2.364589;(0.0, 0.0, 0.5);(0.0, 0.0, 0.5)
2.372739;(0.0, 0.0, 0.5);(0.0, 0.0, 0.5)
2.380892;(0.0, 0.0, 0.5);(0.0, 0.0, 0.5)
2.388388;(0.0, 0.0, 0.5);(0.0, 0.0, 0.5)
2.395136;(0.0, 0.0, 0.5);(0.0, 0.0, 0.5)
2.401833;(0.0, 0.0, 0.5);(0.0, 0.0, 0.5)
2.408158;(0.0, 0.0, 0.5);(0.0, 0.0, 0.5)
2.414528;(0.0, 0.0, 0.5);(0.0, 0.0, 0.5)
2.420669;(0.0, 0.0, 0.5);(0.0, 0.0, 0.5)
2.42723;(0.0, 0.0, 0.5);(0.0, 0.0, 0.5)
2.436017;(0.0, 0.0, 0.5);(0.0, 0.0, 0.5)
2.441698;(0.0, 0.0, 0.5);(0.0, 0.0, 0.5)
2.447779;(0.0, 0.0, 0.5);(0.0, 0.0, 0.5)
2.455347;(0.0, 0.0, 0.5);(0.0, 0.0, 0.5)
2.464046;(0.0, 0.0, 0.5);(0.0, 0.0, 0.5)
2.473961;(0.0, 0.0, 0.5);(0.0, 0.0, 0.5)
2.481174;(0.0, 0.0, 0.5);(0.0, 0.0, 0.5)
2.487951;(0.0, 0.0, 0.5);(0.0, 0.0, 0.5)
2.493621;(0.0, 0.0, 0.5);(0.0, 0.0, 0.5)
2.499255;(0.0, 0.0, 0.5);(0.0, 0.0, 0.5)
2.506367;(0.0, 0.0, 0.5);(0.0, 0.0, 0.5)
2.512069;(0.0, 0.0, 0.5);(0.0, 0.0, 0.5)
2.5432;(0.0, 0.0, 0.5);(0.0, 0.0, 0.5)
2.549439;(0.0, 0.0, 0.5);(0.0, 0.0, 0.5)
2.556511;(0.0, 0.0, 0.5);(0.0, 0.0, 0.5)
2.56227;(0.0, 0.0, 0.5);(0.0, 0.0, 0.5)
2.571235;(0.0, 0.0, 0.5);(0.0, 0.0, 0.5)
2.577667;(0.0, 0.0, 0.5);(0.0, 0.0, 0.5)
2.585552;(0.0, 0.0, 0.5);(0.0, 0.0, 0.5)
2.592495;(0.0, 0.0, 0.5);(0.0, 0.0, 0.5)
2.599746;(0.0, 0.0, 0.5);(0.0, 0.0, 0.5)
2.608002;(0.0, 0.0, 0.5);(0.0, 0.0, 0.5)
2.614892;(0.0, 0.0, 0.5);(0.0, 0.0, 0.5)
2.622468;(0.0, 0.0, 0.5);(0.0, 0.0, 0.5)
2.628994;(0.0, 0.0, 0.5);(0.0, 0.0, 0.5)
2.637532;(0.0, 0.0, 0.5);(0.0, 0.0, 0.5)
2.643531;(0.0, 0.0, 0.5);(0.0, 0.0, 0.5)
2.650093;(0.0, 0.0, 0.5);(0.0, 0.0, 0.5)
2.656011;(0.0, 0.0, 0.5);(0.0, 0.0, 0.5)
2.661927;(0.0, 0.0, 0.5);(0.0, 0.0, 0.5)
2.668253;(0.0, 0.0, 0.5);(0.0, 0.0, 0.5)
2.674113;(0.0, 0.0, 0.5);(0.0, 0.0, 0.5)
2.680562;(0.0, 0.0, 0.5);(0.0, 0.0, 0.5)
2.687793;(0.0, 0.0, 0.5);(0.0, 0.0, 0.5)
2.693549;(0.0, 0.0, 0.5);(0.0, 0.0, 0.5)
2.699643;(0.0, 0.0, 0.5);(0.0, 0.0, 0.5)
2.706396;(0.0, 0.0, 0.5);(0.0, 0.0, 0.5)
2.71246;(0.0, 0.0, 0.5);(0.0, 0.0, 0.5)
2.719591;(0.0, 0.0, 0.5);(0.0, 0.0, 0.5)
2.725657;(0.0, 0.0, 0.5);(0.0, 0.0, 0.5)
2.731772;(0.0, 0.0, 0.5);(0.0, 0.0, 0.5)
2.738069;(0.0, 0.0, 0.5);(0.0, 0.0, 0.5)
2.743572;(0.0, 0.0, 0.5);(0.0, 0.0, 0.5)
2.750019;(0.0, 0.0, 0.5);(0.0, 0.0, 0.5)
2.756517;(0.0, 0.0, 0.5);(0.0, 0.0, 0.5)
2.762205;(0.0, 0.0, 0.5);(0.0, 0.0, 0.5)
2.769012;(0.0, 0.0, 0.5);(0.0, 0.0, 0.5)
2.774565;(0.0, 0.0, 0.5);(0.0, 0.0, 0.5)
2.78036;(0.0, 0.0, 0.5);(0.0, 0.0, 0.5)
2.787788;(0.0, 0.0, 0.5);(0.0, 0.0, 0.5)
2.793811;(0.0, 0.0, 0.5);(0.0, 0.0, 0.5)
2.800433;(0.0, 0.0, 0.5);(0.0, 0.0, 0.5)
2.806253;(0.0, 0.0, 0.5);(0.0, 0.0, 0.5)
2.811826;(0.0, 0.0, 0.5);(0.0, 0.0, 0.5)
2.81837;(0.0, 0.0, 0.5);(0.0, 0.0, 0.5)
2.824121;(0.0, 0.0, 0.5);(0.0, 0.0, 0.5)
2.829918;(0.0, 0.0, 0.5);(0.0, 0.0, 0.5)
2.839966;(0.0, 0.0, 0.5);(0.0, 0.0, 0.5)
2.84578;(0.0, 0.0, 0.5);(0.0, 0.0, 0.5)
2.852704;(0.0, 0.0, 0.5);(0.0, 0.0, 0.5)
2.859455;(0.0, 0.0, 0.5);(0.0, 0.0, 0.5)
2.866213;(0.0, 0.0, 0.5);(0.0, 0.0, 0.5)
2.872199;(0.0, 0.0, 0.5);(0.0, 0.0, 0.5)
2.878103;(0.0, 0.0, 0.5);(0.0, 0.0, 0.5)
2.885602;(0.0, 0.0, 0.5);(0.0, 0.0, 0.5)
2.89274;(0.0, 0.0, 0.5);(0.0, 0.0, 0.5)
2.89847;(0.0, 0.0, 0.5);(0.0, 0.0, 0.5)
2.904892;(0.0, 0.0, 0.5);(0.0, 0.0, 0.5)
2.911341;(0.0, 0.0, 0.5);(0.0, 0.0, 0.5)
2.918325;(0.0, 0.0, 0.5);(0.0, 0.0, 0.5)
2.924783;(0.0, 0.0, 0.5);(0.0, 0.0, 0.5)
2.931469;(0.0, 0.0, 0.5);(0.0, 0.0, 0.5)
2.937722;(0.0, 0.0, 0.5);(0.0, 0.0, 0.5)
2.943647;(0.0, 0.0, 0.5);(0.0, 0.0, 0.5)
2.950156;(0.0, 0.0, 0.5);(0.0, 0.0, 0.5)
2.956675;(0.0, 0.0, 0.5);(0.0, 0.0, 0.5)
2.962899;(0.0, 0.0, 0.5);(0.0, 0.0, 0.5)
2.969815;(0.0, 0.0, 0.5);(0.0, 0.0, 0.5)
2.975919;(0.0, 0.0, 0.5);(0.0, 0.0, 0.5)
2.982118;(0.0, 0.0, 0.5);(0.0, 0.0, 0.5)
2.990232;(0.0, 0.0, 0.5);(0.0, 0.0, 0.5)
2.996911;(0.0, 0.0, 0.5);(0.0, 0.0, 0.5)
3.003937;(0.0, 0.0, 0.5);(0.0, 0.0, 0.5)
3.010007;(0.0, 0.0, 0.5);(0.0, 0.0, 0.5)
3.016245;(0.0, 0.0, 0.5);(0.0, 0.0, 0.5)
3.02252;(0.0, 0.0, 0.5);(0.0, 0.0, 0.5)
3.028329;(0.0, 0.0, 0.5);(0.0, 0.0, 0.5)
3.035187;(0.0, 0.0, 0.5);(0.0, 0.0, 0.5)
3.043284;(0.0, 0.0, 0.5);(0.0, 0.0, 0.5)
3.049204;(0.0, 0.0, 0.5);(0.0, 0.0, 0.5)
3.055527;(0.0, 0.0, 0.5);(0.0, 0.0, 0.5)
3.061157;(0.0, 0.0, 0.5);(0.0, 0.0, 0.5)
3.068643;(0.0, 0.0, 0.5);(0.0, 0.0, 0.5)
3.074573;(0.0, 0.0, 0.5);(0.0, 0.0, 0.5)
3.080287;(0.0, 0.0, 0.5);(0.0, 0.0, 0.5)
3.087742;(0.0, 0.0, 0.5);(0.0, 0.0, 0.5)
3.093274;(0.0, 0.0, 0.5);(0.0, 0.0, 0.5)
3.100221;(0.0, 0.0, 0.5);(0.0, 0.0, 0.5)
3.107055;(0.0, 0.0, 0.5);(0.0, 0.0, 0.5)
3.11309;(0.0, 0.0, 0.5);(0.0, 0.0, 0.5)
3.119224;(0.0, 0.0, 0.5);(0.0, 0.0, 0.5)
3.126653;(0.0, 0.0, 0.5);(0.0, 0.0, 0.5)
3.133827;(0.0, 0.0, 0.5);(0.0, 0.0, 0.5)
3.13992;(0.0, 0.0, 0.5);(0.0, 0.0, 0.5)
3.146437;(0.0, 0.0, 0.5);(0.0, 0.0, 0.5)
3.153089;(0.0, 0.0, 0.5);(0.0, 0.0, 0.5)
3.159306;(0.0, 0.0, 0.5);(0.0, 0.0, 0.5)
3.165386;(0.0, 0.0, 0.5);(0.0, 0.0, 0.5)
3.171601;(0.0, 0.0, 0.5);(0.0, 0.0, 0.5)
3.177595;(0.0, 0.0, 0.5);(0.0, 0.0, 0.5)
3.183517;(0.0, 0.0, 0.5);(0.0, 0.0, 0.5)
3.189885;(0.0, 0.0, 0.5);(0.0, 0.0, 0.5)
3.195358;(0.0, 0.0, 0.5);(0.0, 0.0, 0.5)
3.201583;(0.0, 0.0, 0.5);(0.0, 0.0, 0.5)
3.208442;(0.0, 0.0, 0.5);(0.0, 0.0, 0.5)
3.214966;(0.0, 0.0, 0.5);(0.0, 0.0, 0.5)
3.22153;(0.0, 0.0, 0.5);(0.0, 0.0, 0.5)
3.227281;(0.0, 0.0, 0.5);(0.0, 0.0, 0.5)
3.233607;(0.0, 0.0, 0.5);(0.0, 0.0, 0.5)
3.240284;(0.0, 0.0, 0.5);(0.0, 0.0, 0.5)
3.248053;(0.0, 0.0, 0.5);(0.0, 0.0, 0.5)
3.25459;(0.0, 0.0, 0.5);(0.0, 0.0, 0.5)
3.260498;(0.0, 0.0, 0.5);(0.0, 0.0, 0.5)
3.267206;(0.0, 0.0, 0.5);(0.0, 0.0, 0.5)
3.272991;(0.0, 0.0, 0.5);(0.0, 0.0, 0.5)
3.27845;(0.0, 0.0, 0.5);(0.0, 0.0, 0.5)
3.284993;(0.0, 0.0, 0.5);(0.0, 0.0, 0.5)
3.290887;(0.0, 0.0, 0.5);(0.0, 0.0, 0.5)
3.296466;(0.0, 0.0, 0.5);(0.0, 0.0, 0.5)
3.303425;(0.0, 0.0, 0.5);(0.0, 0.0, 0.5)
3.309379;(0.0, 0.0, 0.5);(0.0, 0.0, 0.5)
3.315312;(0.0, 0.0, 0.5);(0.0, 0.0, 0.5)
3.321325;(0.0, 0.0, 0.5);(0.0, 0.0, 0.5)
3.326996;(0.0, 0.0, 0.5);(0.0, 0.0, 0.5)
3.333783;(0.0, 0.0, 0.5);(0.0, 0.0, 0.5)
3.33934;(0.0, 0.0, 0.5);(0.0, 0.0, 0.5)
3.345846;(0.0, 0.0, 0.5);(0.0, 0.0, 0.5)
3.35297;(0.0, 0.0, 0.5);(0.0, 0.0, 0.5)
3.359571;(0.0, 0.0, 0.5);(0.0, 0.0, 0.5)
3.366582;(0.0, 0.0, 0.5);(0.0, 0.0, 0.5)
3.372795;(0.0, 0.0, 0.5);(0.0, 0.0, 0.5)
3.378747;(0.0, 0.0, 0.5);(0.0, 0.0, 0.5)
3.387668;(0.0, 0.0, 0.5);(0.0, 0.0, 0.5)
3.39578;(0.0, 0.0, 0.5);(0.0, 0.0, 0.5)
3.40195;(0.0, 0.0, 0.5);(0.0, 0.0, 0.5)
3.408561;(0.0, 0.0, 0.5);(0.0, 0.0, 0.5)
3.415067;(0.0, 0.0, 0.5);(0.0, 0.0, 0.5)
3.421513;(0.0, 0.0, 0.5);(0.0, 0.0, 0.5)
3.428425;(0.0, 0.0, 0.5);(0.0, 0.0, 0.5)
3.435939;(0.0, 0.0, 0.5);(0.0, 0.0, 0.5)
3.442822;(0.0, 0.0, 0.5);(0.0, 0.0, 0.5)
3.45198;(0.0, 0.0, 0.5);(0.0, 0.0, 0.5)
3.458847;(0.0, 0.0, 0.5);(0.0, 0.0, 0.5)
3.465397;(0.0, 0.0, 0.5);(0.0, 0.0, 0.5)
3.473186;(0.0, 0.0, 0.5);(0.0, 0.0, 0.5)
3.480196;(0.0, 0.0, 0.5);(0.0, 0.0, 0.5)
3.487062;(0.0, 0.0, 0.5);(0.0, 0.0, 0.5)
3.493959;(0.0, 0.0, 0.5);(0.0, 0.0, 0.5)
3.502613;(0.0, 0.0, 0.5);(0.0, 0.0, 0.5)
3.510689;(0.0, 0.0, 0.5);(0.0, 0.0, 0.5)
3.518374;(0.0, 0.0, 0.5);(0.0, 0.0, 0.5)
3.526558;(0.0, 0.0, 0.5);(0.0, 0.0, 0.5)
3.534627;(0.0, 0.0, 0.5);(0.0, 0.0, 0.5)
3.541364;(0.0, 0.0, 0.5);(0.0, 0.0, 0.5)
3.548945;(0.0, 0.0, 0.5);(0.0, 0.0, 0.5)
3.556213;(0.0, 0.0, 0.5);(0.0, 0.0, 0.5)
3.56295;(0.0, 0.0, 0.5);(0.0, 0.0, 0.5)
3.57052;(0.0, 0.0, 0.5);(0.0, 0.0, 0.5)
3.577117;(0.0, 0.0, 0.5);(0.0, 0.0, 0.5)
3.584588;(0.0, 0.0, 0.5);(0.0, 0.0, 0.5)
3.591075;(0.0, 0.0, 0.5);(0.0, 0.0, 0.5)
3.597613;(0.0, 0.0, 0.5);(0.0, 0.0, 0.5)
3.604094;(0.0, 0.0, 0.5);(0.0, 0.0, 0.5)
3.609986;(0.0, 0.0, 0.5);(0.0, 0.0, 0.5)
3.616618;(0.0, 0.0, 0.5);(0.0, 0.0, 0.5)
3.622954;(0.0, 0.0, 0.5);(0.0, 0.0, 0.5)
3.629533;(0.0, 0.0, 0.5);(0.0, 0.0, 0.5)
3.635961;(0.0, 0.0, 0.5);(0.0, 0.0, 0.5)
3.641775;(0.0, 0.0, 0.5);(0.0, 0.0, 0.5)
3.648994;(0.0, 0.0, 0.5);(0.0, 0.0, 0.5)
3.657984;(0.0, 0.0, 0.5);(0.0, 0.0, 0.5)
3.664856;(0.0, 0.0, 0.5);(0.0, 0.0, 0.5)
3.671751;(0.0, 0.0, 0.5);(0.0, 0.0, 0.5)
3.679113;(0.0, 0.0, 0.5);(0.0, 0.0, 0.5)
3.685843;(0.0, 0.0, 0.5);(0.0, 0.0, 0.5)
3.692146;(0.0, 0.0, 0.5);(0.0, 0.0, 0.5)
3.697613;(0.0, 0.0, 0.5);(0.0, 0.0, 0.5)
3.704119;(0.0, 0.0, 0.5);(0.0, 0.0, 0.5)
3.710036;(0.0, 0.0, 0.5);(0.0, 0.0, 0.5)
3.716242;(0.0, 0.0, 0.5);(0.0, 0.0, 0.5)
3.722425;(0.0, 0.0, 0.5);(0.0, 0.0, 0.5)
3.728413;(0.0, 0.0, 0.5);(0.0, 0.0, 0.5)
3.735492;(0.0, 0.0, 0.5);(0.0, 0.0, 0.5)
3.741609;(0.0, 0.0, 0.5);(0.0, 0.0, 0.5)
3.747864;(0.0, 0.0, 0.5);(0.0, 0.0, 0.5)
3.755002;(0.0, 0.0, 0.5);(0.0, 0.0, 0.5)
3.76059;(0.0, 0.0, 0.5);(0.0, 0.0, 0.5)
3.767558;(0.0, 0.0, 0.5);(0.0, 0.0, 0.5)
3.773681;(0.0, 0.0, 0.5);(0.0, 0.0, 0.5)
3.780406;(0.0, 0.0, 0.5);(0.0, 0.0, 0.5)
3.78848;(0.0, 0.0, 0.5);(0.0, 0.0, 0.5)
3.800713;(0.0, 0.0, 0.5);(0.0, 0.0, 0.5)
3.810857;(0.0, 0.0, 0.5);(0.0, 0.0, 0.5)
3.81841;(0.0, 0.0, 0.5);(0.0, 0.0, 0.5)
3.824142;(0.0, 0.0, 0.5);(0.0, 0.0, 0.5)
3.829898;(0.0, 0.0, 0.5);(0.0, 0.0, 0.5)
3.837004;(0.0, 0.0, 0.5);(0.0, 0.0, 0.5)
3.842668;(0.0, 0.0, 0.5);(0.0, 0.0, 0.5)
3.849013;(0.0, 0.0, 0.5);(0.0, 0.0, 0.5)
3.857702;(0.0, 0.0, 0.5);(0.0, 0.0, 0.5)
3.86422;(0.0, 0.0, 0.5);(0.0, 0.0, 0.5)
3.871205;(0.0, 0.0, 0.5);(0.0, 0.0, 0.5)
3.87883;(0.0, 0.0, 0.5);(0.0, 0.0, 0.5)
3.887331;(0.0, 0.0, 0.5);(0.0, 0.0, 0.5)
3.89411;(0.0, 0.0, 0.5);(0.0, 0.0, 0.5)
3.900618;(0.0, 0.0, 0.5);(0.0, 0.0, 0.5)
3.907892;(0.0, 0.0, 0.5);(0.0, 0.0, 0.5)
3.914645;(0.0, 0.0, 0.5);(0.0, 0.0, 0.5)
3.922233;(0.0, 0.0, 0.5);(0.0, 0.0, 0.5)
3.92887;(0.0, 0.0, 0.5);(0.0, 0.0, 0.5)
3.936171;(0.0, 0.0, 0.5);(0.0, 0.0, 0.5)
3.942538;(0.0, 0.0, 0.5);(0.0, 0.0, 0.5)
3.948981;(0.0, 0.0, 0.5);(0.0, 0.0, 0.5)
3.956524;(0.0, 0.0, 0.5);(0.0, 0.0, 0.5)
3.962553;(0.0, 0.0, 0.5);(0.0, 0.0, 0.5)
3.969084;(0.0, 0.0, 0.5);(0.0, 0.0, 0.5)
3.974921;(0.0, 0.0, 0.5);(0.0, 0.0, 0.5)
3.980965;(0.0, 0.0, 0.5);(0.0, 0.0, 0.5)
3.988086;(0.0, 0.0, 0.5);(0.0, 0.0, 0.5)
3.993673;(0.0, 0.0, 0.5);(0.0, 0.0, 0.5)
3.999776;(0.0, 0.0, 0.5);(0.0, 0.0, 0.5)
4.006695;(0.0, 0.0, 0.5);(0.0, 0.0, 0.5)
4.014351;(0.0, 0.0, 0.5);(0.0, 0.0, 0.5)
4.021351;(0.0, 0.0, 0.5);(0.0, 0.0, 0.5)
4.027103;(0.0, 0.0, 0.5);(0.0, 0.0, 0.5)
4.033435;(0.0, 0.0, 0.5);(0.0, 0.0, 0.5)
4.0396;(0.0, 0.0, 0.5);(0.0, 0.0, 0.5)
4.044958;(0.0, 0.0, 0.5);(0.0, 0.0, 0.5)
4.051345;(0.0, 0.0, 0.5);(0.0, 0.0, 0.5)
4.059542;(0.0, 0.0, 0.5);(0.0, 0.0, 0.5)
4.065769;(0.0, 0.0, 0.5);(0.0, 0.0, 0.5)
4.071987;(0.0, 0.0, 0.5);(0.0, 0.0, 0.5)
4.077417;(0.0, 0.0, 0.5);(0.0, 0.0, 0.5)
4.084156;(0.0, 0.0, 0.5);(0.0, 0.0, 0.5)
4.090507;(0.0, 0.0, 0.5);(0.0, 0.0, 0.5)
4.096718;(0.0, 0.0, 0.5);(0.0, 0.0, 0.5)
4.103077;(0.0, 0.0, 0.5);(0.0, 0.0, 0.5)
4.108745;(0.0, 0.0, 0.5);(0.0, 0.0, 0.5)
4.114952;(0.0, 0.0, 0.5);(0.0, 0.0, 0.5)
4.121184;(0.0, 0.0, 0.5);(0.0, 0.0, 0.5)
4.127242;(0.0, 0.0, 0.5);(0.0, 0.0, 0.5)
4.133214;(0.0, 0.0, 0.5);(0.0, 0.0, 0.5)
4.138808;(0.0, 0.0, 0.5);(0.0, 0.0, 0.5)
4.144906;(0.0, 0.0, 0.5);(0.0, 0.0, 0.5)
4.151577;(0.0, 0.0, 0.5);(0.0, 0.0, 0.5)
4.157567;(0.0, 0.0, 0.5);(0.0, 0.0, 0.5)
4.16319;(0.0, 0.0, 0.5);(0.0, 0.0, 0.5)
4.17003;(0.0, 0.0, 0.5);(0.0, 0.0, 0.5)
4.176665;(0.0, 0.0, 0.5);(0.0, 0.0, 0.5)
4.183166;(0.0, 0.0, 0.5);(0.0, 0.0, 0.5)
4.189729;(0.0, 0.0, 0.5);(0.0, 0.0, 0.5)
4.195519;(0.0, 0.0, 0.5);(0.0, 0.0, 0.5)
4.201997;(0.0, 0.0, 0.5);(0.0, 0.0, 0.5)
4.208606;(0.0, 0.0, 0.5);(0.0, 0.0, 0.5)
4.214929;(0.0, 0.0, 0.5);(0.0, 0.0, 0.5)
4.222097;(0.0, 0.0, 0.5);(0.0, 0.0, 0.5)
4.228199;(0.0, 0.0, 0.5);(0.0, 0.0, 0.5)
4.234394;(0.0, 0.0, 0.5);(0.0, 0.0, 0.5)
4.24043;(0.0, 0.0, 0.5);(0.0, 0.0, 0.5)
4.246098;(0.0, 0.0, 0.5);(0.0, 0.0, 0.5)
4.252818;(0.0, 0.0, 0.5);(0.0, 0.0, 0.5)
4.260753;(0.0, 0.0, 0.5);(0.0, 0.0, 0.5)
4.267381;(0.0, 0.0, 0.5);(0.0, 0.0, 0.5)
4.273519;(0.0, 0.0, 0.5);(0.0, 0.0, 0.5)
4.279021;(0.0, 0.0, 0.5);(0.0, 0.0, 0.5)
4.286062;(0.0, 0.0, 0.5);(0.0, 0.0, 0.5)
4.292018;(0.0, 0.0, 0.5);(0.0, 0.0, 0.5)
4.298397;(0.0, 0.0, 0.5);(0.0, 0.0, 0.5)
4.304734;(0.0, 0.0, 0.5);(0.0, 0.0, 0.5)
4.310605;(0.0, 0.0, 0.5);(0.0, 0.0, 0.5)
4.316764;(0.0, 0.0, 0.5);(0.0, 0.0, 0.5)
4.323174;(0.0, 0.0, 0.5);(0.0, 0.0, 0.5)
4.328799;(0.0, 0.0, 0.5);(0.0, 0.0, 0.5)
4.335983;(0.0, 0.0, 0.5);(0.0, 0.0, 0.5)
4.341815;(0.0, 0.0, 0.5);(0.0, 0.0, 0.5)
4.347984;(0.0, 0.0, 0.5);(0.0, 0.0, 0.5)
4.354444;(0.0, 0.0, 0.5);(0.0, 0.0, 0.5)
4.360449;(0.0, 0.0, 0.5);(0.0, 0.0, 0.5)
4.368251;(0.0, 0.0, 0.5);(0.0, 0.0, 0.5)
4.37549;(0.0, 0.0, 0.5);(0.0, 0.0, 0.5)
4.382526;(0.0, 0.0, 0.5);(0.0, 0.0, 0.5)
4.388634;(0.0, 0.0, 0.5);(0.0, 0.0, 0.5)
4.394734;(0.0, 0.0, 0.5);(0.0, 0.0, 0.5)
4.401829;(0.0, 0.0, 0.5);(0.0, 0.0, 0.5)
4.408146;(0.0, 0.0, 0.5);(0.0, 0.0, 0.5)
4.414138;(0.0, 0.0, 0.5);(0.0, 0.0, 0.5)
4.420502;(0.0, 0.0, 0.5);(0.0, 0.0, 0.5)
4.426682;(0.0, 0.0, 0.5);(0.0, 0.0, 0.5)
4.432768;(0.0, 0.0, 0.5);(0.0, 0.0, 0.5)
4.438508;(0.0, 0.0, 0.5);(0.0, 0.0, 0.5)
4.444608;(0.0, 0.0, 0.5);(0.0, 0.0, 0.5)
4.450999;(0.0, 0.0, 0.5);(0.0, 0.0, 0.5)
4.457299;(0.0, 0.0, 0.5);(0.0, 0.0, 0.5)
4.465311;(0.0, 0.0, 0.5);(0.0, 0.0, 0.5)
4.472468;(0.0, 0.0, 0.5);(0.0, 0.0, 0.5)
4.48034;(0.0, 0.0, 0.5);(0.0, 0.0, 0.5)
4.486604;(0.0, 0.0, 0.5);(0.0, 0.0, 0.5)
4.492384;(0.0, 0.0, 0.5);(0.0, 0.0, 0.5)
4.498584;(0.0, 0.0, 0.5);(0.0, 0.0, 0.5)
4.505378;(0.0, 0.0, 0.5);(0.0, 0.0, 0.5)
4.511063;(0.0, 0.0, 0.5);(0.0, 0.0, 0.5)
4.517682;(0.0, 0.0, 0.5);(0.0, 0.0, 0.5)
4.523707;(0.0, 0.0, 0.5);(0.0, 0.0, 0.5)
4.529455;(0.0, 0.0, 0.5);(0.0, 0.0, 0.5)
4.536617;(0.0, 0.0, 0.5);(0.0, 0.0, 0.5)
4.542037;(0.0, 0.0, 0.5);(0.0, 0.0, 0.5)
4.548806;(0.0, 0.0, 0.5);(0.0, 0.0, 0.5)
4.555619;(0.0, 0.0, 0.5);(0.0, 0.0, 0.5)
4.561673;(0.0, 0.0, 0.5);(0.0, 0.0, 0.5)
4.56899;(0.0, 0.0, 0.5);(0.0, 0.0, 0.5)
4.575109;(0.0, 0.0, 0.5);(0.0, 0.0, 0.5)
4.582632;(0.0, 0.0, 0.5);(0.0, 0.0, 0.5)
4.589602;(0.0, 0.0, 0.5);(0.0, 0.0, 0.5)
4.59617;(0.0, 0.0, 0.5);(0.0, 0.0, 0.5)
4.60405;(0.0, 0.0, 0.5);(0.0, 0.0, 0.5)
4.612104;(0.0, 0.0, 0.5);(0.0, 0.0, 0.5)
4.619535;(0.0, 0.0, 0.5);(0.0, 0.0, 0.5)
4.625809;(0.0, 0.0, 0.5);(0.0, 0.0, 0.5)
4.63332;(0.0, 0.0, 0.5);(0.0, 0.0, 0.5)
4.639652;(0.0, 0.0, 0.5);(0.0, 0.0, 0.5)
4.646595;(0.0, 0.0, 0.5);(0.0, 0.0, 0.5)
4.654203;(0.0, 0.0, 0.5);(0.0, 0.0, 0.5)
4.661209;(0.0, 0.0, 0.5);(0.0, 0.0, 0.5)
4.670956;(0.0, 0.0, 0.5);(0.0, 0.0, 0.5)
4.67742;(0.0, 0.0, 0.5);(0.0, 0.0, 0.5)
4.685365;(0.0, 0.0, 0.5);(0.0, 0.0, 0.5)
4.692243;(0.0, 0.0, 0.5);(0.0, 0.0, 0.5)
4.698755;(0.0, 0.0, 0.5);(0.0, 0.0, 0.5)
4.705484;(0.0, 0.0, 0.5);(0.0, 0.0, 0.5)
4.711599;(0.0, 0.0, 0.5);(0.0, 0.0, 0.5)
4.718173;(0.0, 0.0, 0.5);(0.0, 0.0, 0.5)
4.72471;(0.0, 0.0, 0.5);(0.0, 0.0, 0.5)
4.7308;(0.0, 0.0, 0.5);(0.0, 0.0, 0.5)
4.737402;(0.0, 0.0, 0.5);(0.0, 0.0, 0.5)
4.742882;(0.0, 0.0, 0.5);(0.0, 0.0, 0.5)
4.748871;(0.0, 0.0, 0.5);(0.0, 0.0, 0.5)
4.75551;(0.0, 0.0, 0.5);(0.0, 0.0, 0.5)
4.761069;(0.0, 0.0, 0.5);(0.0, 0.0, 0.5)
4.767757;(0.0, 0.0, 0.5);(0.0, 0.0, 0.5)
4.77366;(0.0, 0.0, 0.5);(0.0, 0.0, 0.5)
4.779524;(0.0, 0.0, 0.5);(0.0, 0.0, 0.5)
4.786489;(0.0, 0.0, 0.5);(0.0, 0.0, 0.5)
4.792131;(0.0, 0.0, 0.5);(0.0, 0.0, 0.5)
4.79891;(0.0, 0.0, 0.5);(0.0, 0.0, 0.5)
4.805184;(0.0, 0.0, 0.5);(0.0, 0.0, 0.5)
4.810981;(0.0, 0.0, 0.5);(0.0, 0.0, 0.5)
4.817975;(0.0, 0.0, 0.5);(0.0, 0.0, 0.5)
4.823752;(0.0, 0.0, 0.5);(0.0, 0.0, 0.5)
4.829926;(0.0, 0.0, 0.5);(0.0, 0.0, 0.5)
4.836441;(0.0, 0.0, 0.5);(0.0, 0.0, 0.5)
4.842123;(0.0, 0.0, 0.5);(0.0, 0.0, 0.5)
4.848727;(0.0, 0.0, 0.5);(0.0, 0.0, 0.5)
4.854877;(0.0, 0.0, 0.5);(0.0, 0.0, 0.5)
4.860574;(0.0, 0.0, 0.5);(0.0, 0.0, 0.5)
4.867346;(0.0, 0.0, 0.5);(0.0, 0.0, 0.5)
4.877087;(0.0, 0.0, 0.5);(0.0, 0.0, 0.5)
4.883274;(0.0, 0.0, 0.5);(0.0, 0.0, 0.5)
4.89038;(0.0, 0.0, 0.5);(0.0, 0.0, 0.5)
4.897082;(0.0, 0.0, 0.5);(0.0, 0.0, 0.5)
4.904435;(0.0, 0.0, 0.5);(0.0, 0.0, 0.5)
4.910789;(0.0, 0.0, 0.5);(0.0, 0.0, 0.5)
4.917163;(0.0, 0.0, 0.5);(0.0, 0.0, 0.5)
4.923237;(0.0, 0.0, 0.5);(0.0, 0.0, 0.5)
4.930078;(0.0, 0.0, 0.5);(0.0, 0.0, 0.5)
4.936698;(0.0, 0.0, 0.5);(0.0, 0.0, 0.5)
4.942129;(0.0, 0.0, 0.5);(0.0, 0.0, 0.5)
4.948022;(0.0, 0.0, 0.5);(0.0, 0.0, 0.5)
4.954897;(0.0, 0.0, 0.5);(0.0, 0.0, 0.5)
4.960773;(0.0, 0.0, 0.5);(0.0, 0.0, 0.5)
4.968462;(0.0, 0.0, 0.5);(0.0, 0.0, 0.5)
4.975089;(0.0, 0.0, 0.5);(0.0, 0.0, 0.5)
4.982697;(0.0, 0.0, 0.5);(0.0, 0.0, 0.5)
4.990577;(0.0, 0.0, 0.5);(0.0, 0.0, 0.5)
4.997216;(0.0, 0.0, 0.5);(0.0, 0.0, 0.5)
5.005733;(0.0, 0.0, 0.5);(0.0, 0.0, 0.5)
5.013303;(0.0, 0.0, 0.5);(0.0, 0.0, 0.5)
