0;position;(0.0, 0.0, 0.0);(0.0, 0.0, 0.0)
0.02;position;(0.0, 0.0, 0.0);(0.0, 0.0, 0.0)
0.3533334;position;(0.0, 0.0, 0.0);(0.0, 0.0, 0.0)
0.5964251;position;(-0.4, 0.0, -0.7);(-0.3, 0.0, -0.8)
0.5964251;position;(-0.9, 0.0, 0.3);(-0.8, 0.0, 0.2)
0.5964251;position;(-0.9, 0.0, 0.3);(-0.8, 0.0, 0.2)
0.5964251;position;(-0.9, 0.0, 0.3);(-0.8, 0.0, 0.2)
0.5964251;position;(-0.9, 0.0, 0.3);(-0.8, 0.0, 0.2)
0.5964251;position;(-0.9, 0.0, 0.3);(-0.8, 0.0, 0.2)
0.5964251;position;(-0.9, 0.0, 0.3);(-0.8, 0.0, 0.2)
0.5964251;position;(-0.9, 0.0, 0.3);(-0.8, 0.0, 0.2)
0.5964251;position;(-0.9, 0.0, 0.3);(-0.8, 0.0, 0.2)
0.5964251;position;(-0.9, 0.0, 0.3);(-0.8, 0.0, 0.2)
0.5964251;position;(-0.9, 0.0, 0.3);(-0.8, 0.0, 0.2)
0.5964251;position;(-0.9, 0.0, 0.3);(-0.8, 0.0, 0.2)
0.5964251;position;(-0.9, 0.0, 0.3);(-0.8, 0.0, 0.2)
0.5964251;position;(-0.9, 0.0, 0.3);(-0.8, 0.0, 0.2)
0.5964251;position;(-0.9, 0.0, 0.3);(-0.8, 0.0, 0.2)
0.5964251;position;(-0.9, 0.0, 0.3);(-0.8, 0.0, 0.2)
0.5964251;position;(-0.9, 0.0, 0.3);(-0.8, 0.0, 0.2)
0.5964251;position;(-0.9, 0.0, 0.3);(-0.8, 0.0, 0.2)
0.5964251;position;(-0.9, 0.0, 0.3);(-0.8, 0.0, 0.2)
0.5964251;position;(-0.9, 0.0, 0.3);(-0.8, 0.0, 0.2)
0.5964251;position;(-0.9, 0.0, 0.3);(-0.8, 0.0, 0.2)
0.5964251;position;(-0.9, 0.0, 0.3);(-0.8, 0.0, 0.2)
0.5964251;position;(-0.9, 0.0, 0.3);(-0.8, 0.0, 0.2)
0.5964251;position;(-0.9, 0.0, 0.3);(-0.8, 0.0, 0.2)
0.5964251;position;(-0.9, 0.0, 0.3);(-0.8, 0.0, 0.2)
0.5964251;position;(-0.9, 0.0, 0.3);(-0.8, 0.0, 0.2)
0.5964251;position;(-0.9, 0.0, 0.3);(-0.8, 0.0, 0.2)
0.5964251;position;(-0.9, 0.0, 0.3);(-0.8, 0.0, 0.2)
0.5964251;position;(-0.9, 0.0, 0.3);(-0.8, 0.0, 0.2)
0.5964251;position;(-0.9, 0.0, 0.3);(-0.8, 0.0, 0.2)
0.5964251;position;(-0.9, 0.0, 0.3);(-0.8, 0.0, 0.2)
0.5964251;position;(-0.9, 0.0, 0.3);(-0.8, 0.0, 0.2)
0.5964251;position;(-0.9, 0.0, 0.3);(-0.8, 0.0, 0.2)
0.5964251;position;(-0.9, 0.0, 0.3);(-0.8, 0.0, 0.2)
0.5964251;position;(-0.9, 0.0, 0.3);(-0.8, 0.0, 0.2)
0.5964251;position;(-0.9, 0.0, 0.3);(-0.8, 0.0, 0.2)
0.5964251;position;(-0.9, 0.0, 0.3);(-0.8, 0.0, 0.2)
0.5964251;position;(-0.9, 0.0, 0.3);(-0.8, 0.0, 0.2)
0.5964251;position;(-0.9, 0.0, 0.3);(-0.8, 0.0, 0.2)
0.5964251;position;(-0.9, 0.0, 0.3);(-0.8, 0.0, 0.2)
0.5964251;position;(-0.9, 0.0, 0.3);(-0.8, 0.0, 0.2)
0.5964251;position;(-0.9, 0.0, 0.3);(-0.8, 0.0, 0.2)
0.5964251;position;(-0.9, 0.0, 0.3);(-0.8, 0.0, 0.2)
0.5964251;position;(-0.9, 0.0, 0.3);(-0.8, 0.0, 0.2)
0.5964251;position;(-0.9, 0.0, 0.3);(-0.8, 0.0, 0.2)
0.5964251;position;(-0.9, 0.0, 0.3);(-0.8, 0.0, 0.2)
0.5964251;position;(-0.9, 0.0, 0.3);(-0.8, 0.0, 0.2)
0.5964251;position;(-0.9, 0.0, 0.3);(-0.8, 0.0, 0.2)
0.5964251;position;(-0.9, 0.0, 0.3);(-0.8, 0.0, 0.2)
0.5964251;position;(-0.9, 0.0, 0.3);(-0.8, 0.0, 0.2)
0.5964251;position;(-0.9, 0.0, 0.3);(-0.8, 0.0, 0.2)
0.5964251;position;(-0.9, 0.0, 0.3);(-0.8, 0.0, 0.2)
0.5964251;position;(-0.9, 0.0, 0.3);(-0.8, 0.0, 0.2)
0.5964251;position;(-0.9, 0.0, 0.3);(-0.8, 0.0, 0.2)
0.5964251;position;(-0.9, 0.0, 0.3);(-0.8, 0.0, 0.2)
0.5964251;position;(-0.9, 0.0, 0.3);(-0.8, 0.0, 0.2)
0.5964251;position;(-0.9, 0.0, 0.3);(-0.8, 0.0, 0.2)
0.5964251;position;(-0.9, 0.0, 0.3);(-0.8, 0.0, 0.2)
0.5964251;position;(-0.9, 0.0, 0.3);(-0.8, 0.0, 0.2)
0.5964251;position;(-0.9, 0.0, 0.3);(-0.8, 0.0, 0.2)
0.5964251;position;(-0.9, 0.0, 0.3);(-0.8, 0.0, 0.2)
0.5964251;position;(-0.9, 0.0, 0.3);(-0.8, 0.0, 0.2)
0.5964251;position;(-0.9, 0.0, 0.3);(-0.8, 0.0, 0.2)
0.5964251;position;(-0.9, 0.0, 0.3);(-0.8, 0.0, 0.2)
0.5964251;position;(-0.9, 0.0, 0.3);(-0.8, 0.0, 0.2)
0.6229154;position;(-0.3, 0.0, 0.7);(-0.8, 0.0, 0.2)
0.6699352;position;(-0.3, 0.0, 0.7);(-0.8, 0.0, 0.2)
0.6993268;position;(-0.3, 0.0, 0.7);(-0.8, 0.0, 0.2)
0.7149835;position;(-0.3, 0.0, 0.7);(-0.8, 0.0, 0.2)
0.7320136;position;(-0.3, 0.0, 0.7);(-0.8, 0.0, 0.2)
0.7473739;position;(-0.3, 0.0, 0.7);(-0.8, 0.0, 0.2)
0.7736899;position;(-0.3, 0.0, 0.7);(-0.8, 0.0, 0.2)
0.8015962;position;(-0.3, 0.0, 0.7);(-0.8, 0.1, 0.2)
0.8260189;position;(-0.3, 0.0, 0.7);(-0.7, 0.1, 0.2)
0.8448333;position;(-0.3, 0.0, 0.7);(-0.7, 0.1, 0.2)
0.8687916;position;(-0.3, 0.0, 0.7);(-0.7, 0.1, 0.2)
0.8905026;position;(-0.3, 0.0, 0.7);(-0.7, 0.1, 0.3)
0.9283698;position;(-0.3, 0.0, 0.7);(-0.7, 0.1, 0.3)
0.9567015;position;(-0.3, 0.0, 0.7);(-0.7, 0.1, 0.3)
0.979495;position;(-0.3, 0.0, 0.7);(-0.7, 0.2, 0.3)
1.000908;position;(-0.3, 0.0, 0.7);(-0.7, 0.2, 0.3)
1.026113;position;(-0.3, 0.0, 0.7);(-0.7, 0.2, 0.3)
1.042036;position;(-0.3, 0.0, 0.7);(-0.7, 0.2, 0.4)
1.061932;position;(-0.3, 0.1, 0.7);(-0.7, 0.2, 0.4)
1.088691;position;(-0.3, 0.1, 0.7);(-0.7, 0.2, 0.4)
1.118013;position;(-0.3, 0.1, 0.7);(-0.7, 0.2, 0.4)
1.144711;position;(-0.3, 0.1, 0.7);(-0.7, 0.2, 0.5)
1.162575;position;(-0.3, 0.1, 0.7);(-0.6, 0.2, 0.4)
1.186389;position;(-0.3, 0.1, 0.7);(-0.6, 0.2, 0.5)
1.212355;position;(-0.3, 0.1, 0.7);(-0.6, 0.2, 0.5)
1.235977;position;(-0.3, 0.1, 0.7);(-0.6, 0.2, 0.5)
1.262512;position;(-0.3, 0.1, 0.7);(-0.6, 0.2, 0.5)
1.300479;position;(-0.3, 0.1, 0.7);(-0.6, 0.2, 0.5)
1.32006;position;(-0.3, 0.1, 0.7);(-0.6, 0.2, 0.5)
1.338176;position;(-0.3, 0.1, 0.7);(-0.5, 0.2, 0.5)
1.360323;position;(-0.3, 0.2, 0.7);(-0.5, 0.2, 0.6)
1.387517;position;(-0.3, 0.2, 0.7);(-0.5, 0.2, 0.6)
1.413315;position;(-0.3, 0.2, 0.7);(-0.5, 0.2, 0.6)
1.440992;position;(-0.3, 0.2, 0.7);(-0.5, 0.2, 0.6)
1.46592;position;(-0.3, 0.2, 0.7);(-0.5, 0.2, 0.6)
1.488461;position;(-0.3, 0.2, 0.7);(-0.5, 0.2, 0.6)
1.513553;position;(-0.3, 0.2, 0.7);(-0.5, 0.2, 0.6)
1.538767;position;(-0.3, 0.2, 0.7);(-0.4, 0.2, 0.6)
1.571081;position;(-0.3, 0.2, 0.7);(-0.4, 0.2, 0.6)
1.605078;position;(-0.3, 0.2, 0.7);(-0.4, 0.2, 0.7)
1.623701;position;(-0.3, 0.2, 0.7);(-0.4, 0.2, 0.7)
1.639287;position;(-0.3, 0.2, 0.7);(-0.4, 0.2, 0.7)
1.66185;position;(-0.3, 0.2, 0.7);(-0.4, 0.2, 0.7)
1.686594;position;(-0.3, 0.2, 0.7);(-0.4, 0.2, 0.7)
1.712167;position;(-0.3, 0.2, 0.7);(-0.4, 0.2, 0.7)
1.73829;position;(-0.3, 0.2, 0.7);(-0.4, 0.2, 0.7)
1.779845;position;(-0.3, 0.2, 0.7);(-0.4, 0.2, 0.7)
1.799969;position;(-0.3, 0.2, 0.7);(-0.4, 0.2, 0.7)
1.814323;position;(-0.3, 0.2, 0.7);(-0.4, 0.2, 0.7)
1.837368;position;(-0.3, 0.2, 0.7);(-0.4, 0.2, 0.7)
1.862018;position;(-0.3, 0.2, 0.7);(-0.3, 0.2, 0.7)
1.888782;position;(-0.3, 0.2, 0.7);(-0.3, 0.2, 0.7)
1.925736;position;(-0.3, 0.2, 0.7);(-0.3, 0.2, 0.7)
1.941127;position;(-0.3, 0.2, 0.7);(-0.3, 0.2, 0.7)
1.964297;position;(-0.3, 0.2, 0.7);(-0.3, 0.2, 0.7)
1.989129;position;(-0.3, 0.2, 0.7);(-0.3, 0.2, 0.7)
2.01736;position;(-0.3, 0.2, 0.7);(-0.3, 0.2, 0.7)
2.039827;position;(-0.3, 0.2, 0.7);(-0.3, 0.2, 0.7)
2.069787;position;(-0.3, 0.2, 0.7);(-0.3, 0.2, 0.7)
2.091672;position;(-0.3, 0.2, 0.7);(-0.3, 0.2, 0.7)
2.114866;position;(-0.2, 0.2, 0.7);(-0.3, 0.2, 0.7)
2.139087;position;(-0.2, 0.2, 0.7);(-0.3, 0.2, 0.7)
2.164375;position;(-0.2, 0.2, 0.8);(-0.3, 0.2, 0.7)
2.18982;position;(-0.2, 0.2, 0.7);(-0.3, 0.2, 0.7)
2.221918;position;(-0.2, 0.2, 0.8);(-0.3, 0.2, 0.7)
2.245158;position;(-0.2, 0.2, 0.8);(-0.2, 0.2, 0.7)
2.266487;position;(-0.2, 0.2, 0.8);(-0.2, 0.2, 0.7)
2.290366;position;(-0.2, 0.2, 0.8);(-0.2, 0.1, 0.7)
2.342921;position;(-0.2, 0.2, 0.8);(-0.2, 0.1, 0.7)
2.368882;position;(-0.2, 0.2, 0.7);(-0.2, 0.1, 0.7)
2.391496;position;(-0.2, 0.2, 0.7);(-0.2, 0.1, 0.7)
2.416473;position;(-0.2, 0.2, 0.7);(-0.2, 0.1, 0.7)
2.438096;position;(-0.2, 0.2, 0.7);(-0.2, 0.1, 0.7)
2.450614;position;(-0.3, 0.2, 0.7);(-0.3, 0.1, 0.7)
2.462621;position;(-0.3, 0.2, 0.7);(-0.3, 0.1, 0.7)
2.475532;position;(-0.3, 0.2, 0.7);(-0.3, 0.1, 0.7)
2.487757;position;(-0.3, 0.2, 0.7);(-0.3, 0.1, 0.7)
2.503364;position;(-0.3, 0.2, 0.7);(-0.3, 0.1, 0.7)
2.520647;position;(-0.3, 0.2, 0.7);(-0.3, 0.1, 0.6)
2.541635;position;(-0.3, 0.2, 0.7);(-0.3, 0.1, 0.7)
2.556435;position;(-0.3, 0.2, 0.7);(-0.3, 0.1, 0.6)
2.569836;position;(-0.3, 0.2, 0.7);(-0.3, 0.1, 0.6)
2.580876;position;(-0.3, 0.2, 0.7);(-0.3, 0.1, 0.6)
2.592281;position;(-0.3, 0.2, 0.7);(-0.3, 0.1, 0.6)
2.606362;position;(-0.3, 0.2, 0.7);(-0.3, 0.1, 0.6)
2.618817;position;(-0.3, 0.2, 0.7);(-0.3, 0.1, 0.6)
2.632123;position;(-0.3, 0.2, 0.7);(-0.3, 0.1, 0.6)
2.649801;position;(-0.3, 0.2, 0.7);(-0.3, 0.1, 0.6)
2.665299;position;(-0.3, 0.2, 0.7);(-0.3, 0.1, 0.6)
2.683454;position;(-0.3, 0.2, 0.7);(-0.3, 0.1, 0.6)
2.703465;position;(-0.3, 0.2, 0.7);(-0.3, 0.1, 0.6)
2.719054;position;(-0.3, 0.2, 0.8);(-0.3, 0.1, 0.6)
2.730816;position;(-0.3, 0.2, 0.8);(-0.3, 0.1, 0.6)
2.743455;position;(-0.3, 0.2, 0.8);(-0.3, 0.1, 0.6)
2.755808;position;(-0.3, 0.2, 0.8);(-0.3, 0.1, 0.6)
2.767755;position;(-0.3, 0.2, 0.8);(-0.3, 0.1, 0.6)
2.781546;position;(-0.3, 0.2, 0.8);(-0.3, 0.1, 0.6)
2.792308;position;(-0.3, 0.2, 0.8);(-0.3, 0.1, 0.6)
2.804937;position;(-0.3, 0.2, 0.8);(-0.3, 0.1, 0.6)
2.817377;position;(-0.3, 0.2, 0.8);(-0.3, 0.1, 0.6)
2.831805;position;(-0.3, 0.2, 0.8);(-0.3, 0.1, 0.6)
2.844791;position;(-0.3, 0.2, 0.8);(-0.3, 0.1, 0.6)
2.856272;position;(-0.3, 0.2, 0.8);(-0.3, 0.1, 0.6)
2.868756;position;(-0.3, 0.2, 0.8);(-0.3, 0.1, 0.6)
2.878864;position;(-0.2, 0.2, 0.8);(-0.3, 0.1, 0.6)
2.889613;position;(-0.2, 0.2, 0.8);(-0.3, 0.1, 0.6)
2.90157;position;(-0.2, 0.2, 0.8);(-0.3, 0.2, 0.6)
2.9145;position;(-0.2, 0.2, 0.8);(-0.3, 0.2, 0.6)
2.9274;position;(-0.2, 0.2, 0.8);(-0.4, 0.2, 0.6)
2.939609;position;(-0.2, 0.2, 0.8);(-0.4, 0.2, 0.6)
2.952747;position;(-0.2, 0.2, 0.8);(-0.4, 0.2, 0.6)
2.967106;position;(-0.2, 0.2, 0.8);(-0.4, 0.2, 0.6)
2.992029;position;(-0.2, 0.2, 0.8);(-0.4, 0.2, 0.6)
3.008584;position;(-0.2, 0.2, 0.8);(-0.4, 0.2, 0.6)
3.023466;position;(-0.2, 0.2, 0.8);(-0.4, 0.2, 0.6)
3.037675;position;(-0.2, 0.2, 0.8);(-0.4, 0.2, 0.6)
3.050373;position;(-0.2, 0.2, 0.8);(-0.4, 0.2, 0.6)
3.0624;position;(-0.2, 0.2, 0.8);(-0.4, 0.2, 0.6)
3.075045;position;(-0.2, 0.2, 0.8);(-0.4, 0.2, 0.6)
3.088469;position;(-0.2, 0.2, 0.8);(-0.4, 0.2, 0.6)
3.102041;position;(-0.2, 0.2, 0.8);(-0.4, 0.2, 0.6)
3.115537;position;(-0.2, 0.2, 0.8);(-0.4, 0.2, 0.6)
3.128331;position;(-0.2, 0.2, 0.8);(-0.4, 0.2, 0.6)
3.154691;position;(-0.2, 0.2, 0.8);(-0.4, 0.2, 0.6)
3.169077;position;(-0.2, 0.2, 0.8);(-0.4, 0.2, 0.6)
3.179887;position;(-0.2, 0.2, 0.8);(-0.4, 0.2, 0.6)
3.191004;position;(-0.2, 0.2, 0.8);(-0.4, 0.2, 0.6)
3.204086;position;(-0.2, 0.2, 0.8);(-0.4, 0.2, 0.6)
3.216838;position;(-0.2, 0.2, 0.8);(-0.4, 0.2, 0.6)
3.232326;position;(-0.2, 0.2, 0.8);(-0.4, 0.2, 0.6)
3.24303;position;(-0.2, 0.2, 0.8);(-0.4, 0.2, 0.6)
3.257098;position;(-0.2, 0.2, 0.8);(-0.4, 0.2, 0.6)
3.268781;position;(-0.2, 0.2, 0.8);(-0.4, 0.2, 0.6)
3.281435;position;(-0.2, 0.2, 0.8);(-0.4, 0.2, 0.6)
3.306999;position;(-0.2, 0.2, 0.8);(-0.4, 0.2, 0.6)
3.322597;position;(-0.2, 0.2, 0.8);(-0.4, 0.2, 0.6)
3.335237;position;(-0.2, 0.2, 0.8);(-0.4, 0.2, 0.6)
3.345604;position;(-0.2, 0.2, 0.8);(-0.4, 0.2, 0.6)
3.358102;position;(-0.2, 0.2, 0.8);(-0.4, 0.2, 0.6)
3.370199;position;(-0.2, 0.2, 0.8);(-0.4, 0.2, 0.6)
3.384413;position;(-0.2, 0.2, 0.8);(-0.4, 0.2, 0.6)
3.398419;position;(-0.2, 0.2, 0.8);(-0.4, 0.2, 0.6)
3.411629;position;(-0.2, 0.2, 0.8);(-0.4, 0.2, 0.6)
3.424855;position;(-0.2, 0.2, 0.8);(-0.4, 0.2, 0.6)
3.44245;position;(-0.2, 0.2, 0.8);(-0.4, 0.2, 0.6)
3.460433;position;(-0.2, 0.2, 0.8);(-0.4, 0.2, 0.6)
3.478232;position;(-0.2, 0.2, 0.8);(-0.4, 0.2, 0.6)
3.490755;position;(-0.2, 0.2, 0.8);(-0.4, 0.2, 0.5)
3.502532;position;(-0.2, 0.2, 0.8);(-0.4, 0.2, 0.6)
3.515601;position;(-0.2, 0.2, 0.8);(-0.4, 0.2, 0.6)
3.526529;position;(-0.2, 0.2, 0.8);(-0.4, 0.2, 0.6)
3.537429;position;(-0.2, 0.2, 0.8);(-0.4, 0.2, 0.6)
3.54957;position;(-0.2, 0.2, 0.8);(-0.4, 0.2, 0.6)
3.561651;position;(-0.2, 0.2, 0.8);(-0.4, 0.2, 0.6)
3.573888;position;(-0.2, 0.2, 0.8);(-0.4, 0.2, 0.6)
3.585867;position;(-0.2, 0.2, 0.8);(-0.4, 0.2, 0.6)
3.59743;position;(-0.2, 0.2, 0.8);(-0.4, 0.2, 0.6)
3.61639;position;(-0.2, 0.2, 0.8);(-0.4, 0.2, 0.6)
3.633153;position;(-0.2, 0.2, 0.8);(-0.4, 0.2, 0.6)
3.650578;position;(-0.2, 0.2, 0.8);(-0.4, 0.2, 0.6)
3.665998;position;(-0.2, 0.2, 0.8);(-0.4, 0.2, 0.6)
3.68094;position;(-0.2, 0.2, 0.8);(-0.4, 0.2, 0.6)
3.69807;position;(-0.2, 0.2, 0.8);(-0.4, 0.2, 0.6)
3.712374;position;(-0.2, 0.2, 0.8);(-0.4, 0.2, 0.6)
3.725736;position;(-0.2, 0.2, 0.8);(-0.4, 0.2, 0.6)
3.741884;position;(-0.2, 0.2, 0.8);(-0.4, 0.2, 0.6)
3.785939;position;(-0.2, 0.2, 0.8);(-0.4, 0.2, 0.6)
3.809278;position;(-0.2, 0.2, 0.8);(-0.4, 0.2, 0.6)
3.831707;position;(-0.2, 0.2, 0.8);(-0.4, 0.2, 0.6)
3.846567;position;(-0.2, 0.2, 0.8);(-0.4, 0.2, 0.6)
3.873727;position;(-0.2, 0.2, 0.8);(-0.4, 0.2, 0.6)
3.892823;position;(-0.2, 0.2, 0.8);(-0.4, 0.2, 0.6)
3.912287;position;(-0.2, 0.2, 0.8);(-0.4, 0.2, 0.6)
3.930519;position;(-0.2, 0.2, 0.8);(-0.4, 0.2, 0.6)
3.955725;position;(-0.2, 0.2, 0.8);(-0.4, 0.2, 0.6)
3.995479;position;(-0.2, 0.2, 0.8);(-0.4, 0.2, 0.6)
4.018556;position;(-0.2, 0.2, 0.8);(-0.4, 0.2, 0.6)
4.032568;position;(-0.2, 0.2, 0.8);(-0.4, 0.2, 0.6)
4.091033;position;(-0.2, 0.2, 0.8);(-0.4, 0.2, 0.6)
4.112569;position;(-0.2, 0.2, 0.8);(-0.4, 0.2, 0.6)
4.134353;position;(-0.2, 0.2, 0.8);(-0.4, 0.2, 0.6)
4.158273;position;(-0.2, 0.2, 0.8);(-0.4, 0.2, 0.6)
4.17975;position;(-0.2, 0.2, 0.8);(-0.4, 0.2, 0.6)
4.204227;position;(-0.2, 0.2, 0.8);(-0.4, 0.2, 0.6)
4.228918;position;(-0.2, 0.2, 0.8);(-0.4, 0.2, 0.6)
4.256028;position;(-0.2, 0.2, 0.8);(-0.4, 0.2, 0.6)
4.284499;position;(-0.2, 0.2, 0.8);(-0.4, 0.2, 0.6)
4.333668;position;(-0.2, 0.2, 0.8);(-0.4, 0.2, 0.6)
4.358917;position;(-0.2, 0.2, 0.8);(-0.4, 0.2, 0.6)
4.374127;position;(-0.2, 0.2, 0.8);(-0.4, 0.2, 0.6)
4.399066;position;(-0.2, 0.2, 0.8);(-0.4, 0.2, 0.6)
4.423823;position;(-0.2, 0.2, 0.8);(-0.4, 0.2, 0.6)
4.44633;position;(-0.2, 0.2, 0.8);(-0.4, 0.2, 0.6)
4.470358;position;(-0.2, 0.2, 0.8);(-0.4, 0.2, 0.6)
4.492559;position;(-0.2, 0.2, 0.8);(-0.4, 0.2, 0.6)
4.510742;position;(-0.2, 0.2, 0.8);(-0.4, 0.2, 0.6)
4.534729;position;(-0.2, 0.2, 0.8);(-0.4, 0.2, 0.6)
4.560646;position;(-0.2, 0.2, 0.8);(-0.4, 0.2, 0.6)
4.580937;position;(-0.2, 0.2, 0.8);(-0.4, 0.2, 0.6)
4.606367;position;(-0.2, 0.1, 0.8);(-0.4, 0.2, 0.6)
4.637034;position;(-0.2, 0.1, 0.8);(-0.4, 0.2, 0.6)
4.658277;position;(-0.2, 0.1, 0.8);(-0.4, 0.2, 0.6)
4.68405;position;(-0.1, 0.1, 0.8);(-0.4, 0.2, 0.6)
4.704514;position;(-0.1, 0.1, 0.8);(-0.4, 0.2, 0.6)
4.72826;position;(-0.1, 0.1, 0.8);(-0.4, 0.2, 0.6)
4.753525;position;(-0.1, 0.1, 0.8);(-0.4, 0.2, 0.6)
4.783485;position;(-0.1, 0.1, 0.8);(-0.4, 0.2, 0.6)
4.808651;position;(-0.1, 0.1, 0.8);(-0.4, 0.2, 0.6)
4.824093;position;(-0.1, 0.1, 0.8);(-0.4, 0.2, 0.6)
4.837254;position;(-0.1, 0.1, 0.8);(-0.4, 0.2, 0.6)
4.84877;position;(-0.1, 0.1, 0.8);(-0.4, 0.2, 0.6)
4.86065;position;(-0.1, 0.1, 0.8);(-0.4, 0.2, 0.6)
4.873812;position;(-0.1, 0.1, 0.8);(-0.4, 0.2, 0.6)
4.886377;position;(-0.1, 0.1, 0.8);(-0.4, 0.2, 0.6)
4.901497;position;(-0.1, 0.1, 0.8);(-0.4, 0.2, 0.6)
4.911841;position;(-0.1, 0.1, 0.8);(-0.4, 0.2, 0.6)
4.923562;position;(-0.1, 0.1, 0.8);(-0.4, 0.2, 0.6)
4.938909;position;(-0.1, 0.1, 0.8);(-0.4, 0.2, 0.6)
4.955194;position;(-0.1, 0.1, 0.8);(-0.4, 0.2, 0.6)
4.979413;position;(-0.1, 0.1, 0.8);(-0.4, 0.2, 0.6)
4.992533;position;(-0.1, 0.1, 0.8);(-0.4, 0.2, 0.6)
5.005284;position;(-0.1, 0.1, 0.8);(-0.4, 0.2, 0.6)
5.017956;position;(-0.1, 0.1, 0.8);(-0.4, 0.2, 0.6)
5.031363;position;(-0.1, 0.1, 0.8);(-0.4, 0.2, 0.6)
5.043606;position;(-0.1, 0.1, 0.8);(-0.4, 0.2, 0.6)
5.054788;position;(-0.1, 0.1, 0.8);(-0.4, 0.2, 0.6)
5.067077;position;(-0.1, 0.1, 0.8);(-0.4, 0.2, 0.6)
5.080195;position;(-0.1, 0.1, 0.8);(-0.4, 0.2, 0.6)
5.09552;position;(-0.1, 0.1, 0.8);(-0.4, 0.2, 0.6)
5.114681;position;(-0.1, 0.1, 0.8);(-0.4, 0.2, 0.6)
5.135216;position;(-0.1, 0.1, 0.8);(-0.4, 0.2, 0.6)
5.150269;position;(-0.1, 0.1, 0.8);(-0.4, 0.2, 0.6)
5.163524;position;(-0.1, 0.1, 0.8);(-0.4, 0.2, 0.6)
5.182017;position;(-0.1, 0.1, 0.8);(-0.4, 0.2, 0.6)
5.198995;position;(-0.1, 0.1, 0.8);(-0.4, 0.2, 0.6)
5.211485;position;(-0.1, 0.1, 0.8);(-0.4, 0.2, 0.6)
5.223279;position;(-0.1, 0.1, 0.8);(-0.4, 0.2, 0.5)
5.235751;position;(-0.1, 0.1, 0.8);(-0.4, 0.2, 0.5)
5.250262;position;(-0.1, 0.1, 0.8);(-0.4, 0.2, 0.5)
5.26677;position;(-0.1, 0.1, 0.8);(-0.4, 0.2, 0.5)
5.284203;position;(-0.1, 0.1, 0.8);(-0.4, 0.2, 0.5)
5.300816;position;(-0.1, 0.1, 0.8);(-0.4, 0.2, 0.5)
5.315169;position;(-0.1, 0.1, 0.8);(-0.4, 0.2, 0.5)
5.328332;position;(-0.1, 0.1, 0.8);(-0.4, 0.2, 0.5)
5.341521;position;(-0.1, 0.1, 0.8);(-0.4, 0.2, 0.5)
5.355423;position;(-0.1, 0.1, 0.8);(-0.4, 0.2, 0.5)
5.36848;position;(-0.1, 0.1, 0.8);(-0.4, 0.2, 0.5)
5.383575;position;(-0.1, 0.1, 0.8);(-0.4, 0.2, 0.5)
5.3952;position;(-0.1, 0.1, 0.8);(-0.4, 0.2, 0.5)
5.40936;position;(-0.1, 0.1, 0.8);(-0.4, 0.2, 0.5)
5.426154;position;(-0.1, 0.1, 0.8);(-0.4, 0.2, 0.5)
5.443313;position;(-0.1, 0.1, 0.8);(-0.4, 0.2, 0.5)
5.456588;position;(-0.1, 0.1, 0.8);(-0.4, 0.2, 0.5)
5.470228;position;(-0.1, 0.1, 0.8);(-0.4, 0.2, 0.5)
5.486473;position;(-0.1, 0.1, 0.8);(-0.4, 0.2, 0.5)
5.499635;position;(-0.1, 0.1, 0.8);(-0.4, 0.2, 0.5)
5.513912;position;(-0.1, 0.1, 0.8);(-0.4, 0.2, 0.5)
5.526901;position;(-0.1, 0.1, 0.8);(-0.4, 0.2, 0.5)
5.541131;position;(-0.1, 0.1, 0.8);(-0.4, 0.2, 0.5)
5.553461;position;(-0.1, 0.1, 0.8);(-0.4, 0.2, 0.5)
5.567535;position;(-0.1, 0.1, 0.8);(-0.4, 0.2, 0.5)
5.585176;position;(-0.1, 0.1, 0.8);(-0.4, 0.2, 0.5)
5.605731;position;(-0.1, 0.1, 0.8);(-0.4, 0.2, 0.5)
5.618979;position;(-0.1, 0.1, 0.8);(-0.4, 0.2, 0.5)
5.632969;position;(-0.1, 0.1, 0.8);(-0.4, 0.2, 0.5)
5.647696;position;(-0.1, 0.1, 0.8);(-0.4, 0.2, 0.5)
5.65922;position;(-0.1, 0.1, 0.8);(-0.4, 0.2, 0.5)
5.67146;position;(-0.1, 0.1, 0.8);(-0.4, 0.2, 0.5)
5.683736;position;(-0.1, 0.1, 0.8);(-0.4, 0.2, 0.5)
5.693947;position;(-0.1, 0.1, 0.8);(-0.4, 0.2, 0.5)
5.705518;position;(-0.1, 0.1, 0.8);(-0.4, 0.2, 0.5)
5.718286;position;(-0.1, 0.1, 0.8);(-0.4, 0.2, 0.5)
5.736269;position;(-0.1, 0.1, 0.8);(-0.4, 0.2, 0.5)
5.753172;position;(-0.1, 0.1, 0.8);(-0.4, 0.2, 0.5)
5.765531;position;(-0.1, 0.1, 0.8);(-0.4, 0.2, 0.5)
5.776911;position;(-0.1, 0.1, 0.8);(-0.4, 0.2, 0.5)
5.789742;position;(-0.1, 0.1, 0.8);(-0.4, 0.2, 0.5)
5.80442;position;(-0.1, 0.1, 0.8);(-0.4, 0.2, 0.5)
5.816986;position;(-0.1, 0.1, 0.8);(-0.4, 0.2, 0.5)
5.832328;position;(-0.1, 0.1, 0.8);(-0.4, 0.2, 0.5)
5.843151;position;(-0.1, 0.1, 0.8);(-0.4, 0.2, 0.5)
5.853375;position;(-0.1, 0.1, 0.8);(-0.4, 0.2, 0.5)
5.865125;position;(-0.1, 0.1, 0.8);(-0.4, 0.2, 0.5)
5.877923;position;(-0.1, 0.1, 0.8);(-0.4, 0.2, 0.5)
5.89307;position;(-0.1, 0.1, 0.8);(-0.4, 0.2, 0.5)
5.906888;position;(-0.1, 0.1, 0.8);(-0.4, 0.2, 0.5)
5.918242;position;(-0.1, 0.1, 0.8);(-0.4, 0.2, 0.5)
5.929217;position;(-0.1, 0.1, 0.8);(-0.4, 0.2, 0.5)
5.941087;position;(-0.1, 0.1, 0.8);(-0.4, 0.2, 0.5)
5.953732;position;(-0.1, 0.1, 0.8);(-0.4, 0.2, 0.5)
5.965883;position;(-0.1, 0.1, 0.8);(-0.4, 0.2, 0.5)
5.976996;position;(-0.1, 0.1, 0.8);(-0.4, 0.2, 0.5)
5.989809;position;(-0.1, 0.1, 0.8);(-0.4, 0.2, 0.5)
6.002317;position;(-0.1, 0.1, 0.8);(-0.4, 0.2, 0.5)
6.017816;position;(-0.1, 0.1, 0.8);(-0.4, 0.2, 0.5)
6.029895;position;(-0.1, 0.1, 0.8);(-0.4, 0.2, 0.5)
6.048066;position;(-0.1, 0.1, 0.8);(-0.4, 0.2, 0.5)
6.064217;position;(-0.1, 0.1, 0.8);(-0.4, 0.2, 0.5)
6.077596;position;(-0.1, 0.1, 0.8);(-0.4, 0.2, 0.5)
6.124878;position;(-0.1, 0.1, 0.8);(-0.4, 0.2, 0.5)
6.140611;position;(-0.1, 0.1, 0.8);(-0.4, 0.2, 0.5)
6.154009;position;(-0.1, 0.1, 0.8);(-0.4, 0.2, 0.5)
6.174785;position;(-0.1, 0.1, 0.8);(-0.4, 0.2, 0.5)
6.201613;position;(-0.1, 0.1, 0.8);(-0.4, 0.2, 0.5)
6.228038;position;(-0.1, 0.1, 0.8);(-0.4, 0.2, 0.5)
6.246732;position;(-0.1, 0.1, 0.8);(-0.4, 0.2, 0.5)
6.262794;position;(-0.1, 0.1, 0.8);(-0.4, 0.2, 0.5)
6.277884;position;(-0.1, 0.1, 0.8);(-0.4, 0.2, 0.5)
6.293599;position;(-0.1, 0.1, 0.8);(-0.4, 0.2, 0.5)
6.309042;position;(-0.1, 0.1, 0.8);(-0.4, 0.2, 0.5)
6.324836;position;(-0.1, 0.1, 0.8);(-0.4, 0.2, 0.5)
6.339395;position;(-0.1, 0.1, 0.8);(-0.4, 0.2, 0.5)
6.35472;position;(-0.1, 0.1, 0.8);(-0.4, 0.2, 0.5)
6.373557;position;(-0.1, 0.1, 0.8);(-0.4, 0.2, 0.5)
6.392882;position;(-0.1, 0.1, 0.8);(-0.4, 0.2, 0.5)
6.407563;position;(-0.1, 0.1, 0.8);(-0.4, 0.2, 0.5)
6.422881;position;(-0.1, 0.1, 0.8);(-0.4, 0.2, 0.5)
6.437148;position;(-0.1, 0.1, 0.8);(-0.4, 0.2, 0.5)
6.453564;position;(-0.1, 0.1, 0.8);(-0.4, 0.2, 0.5)
6.467973;position;(-0.1, 0.1, 0.8);(-0.4, 0.2, 0.5)
6.481753;position;(-0.1, 0.1, 0.8);(-0.4, 0.2, 0.5)
6.494846;position;(-0.1, 0.1, 0.8);(-0.4, 0.2, 0.5)
6.508072;position;(-0.1, 0.1, 0.8);(-0.4, 0.2, 0.5)
6.522537;position;(-0.1, 0.1, 0.8);(-0.4, 0.2, 0.5)
6.538364;position;(-0.1, 0.1, 0.8);(-0.4, 0.2, 0.5)
6.553393;position;(-0.1, 0.1, 0.8);(-0.4, 0.2, 0.5)
6.568843;position;(-0.1, 0.1, 0.8);(-0.4, 0.2, 0.5)
6.580221;position;(-0.1, 0.1, 0.8);(-0.4, 0.2, 0.5)
6.590598;position;(-0.1, 0.1, 0.8);(-0.4, 0.2, 0.5)
6.603013;position;(-0.1, 0.1, 0.8);(-0.4, 0.2, 0.5)
6.614179;position;(-0.1, 0.1, 0.8);(-0.4, 0.2, 0.5)
6.624789;position;(-0.1, 0.1, 0.8);(-0.4, 0.2, 0.5)
6.63897;position;(-0.1, 0.1, 0.8);(-0.4, 0.2, 0.5)
6.655942;position;(-0.1, 0.1, 0.8);(-0.4, 0.2, 0.5)
6.669374;position;(-0.1, 0.1, 0.8);(-0.4, 0.2, 0.5)
6.686141;position;(-0.1, 0.1, 0.8);(-0.4, 0.2, 0.5)
6.700906;position;(-0.1, 0.1, 0.8);(-0.4, 0.2, 0.5)
6.714393;position;(-0.1, 0.1, 0.8);(-0.4, 0.2, 0.5)
6.726019;position;(-0.1, 0.1, 0.8);(-0.4, 0.2, 0.5)
6.738797;position;(-0.1, 0.1, 0.8);(-0.4, 0.2, 0.5)
6.75569;position;(-0.1, 0.1, 0.8);(-0.4, 0.2, 0.5)
6.773452;position;(-0.1, 0.1, 0.8);(-0.4, 0.2, 0.5)
6.788151;position;(-0.1, 0.1, 0.8);(-0.4, 0.2, 0.5)
6.802465;position;(-0.1, 0.1, 0.8);(-0.4, 0.2, 0.5)
6.81565;position;(-0.1, 0.1, 0.8);(-0.4, 0.2, 0.5)
6.829708;position;(-0.1, 0.1, 0.8);(-0.4, 0.2, 0.5)
6.844276;position;(-0.1, 0.1, 0.8);(-0.4, 0.2, 0.5)
6.867641;position;(-0.1, 0.1, 0.8);(-0.4, 0.2, 0.5)
6.886279;position;(-0.1, 0.1, 0.8);(-0.4, 0.2, 0.5)
6.910274;position;(-0.1, 0.1, 0.8);(-0.4, 0.2, 0.5)
6.933953;position;(-0.1, 0.1, 0.8);(-0.4, 0.2, 0.5)
6.958044;position;(-0.1, 0.1, 0.8);(-0.4, 0.2, 0.5)
6.983278;position;(-0.1, 0.1, 0.8);(-0.4, 0.2, 0.5)
7.011985;position;(-0.1, 0.1, 0.8);(-0.4, 0.2, 0.5)
7.036778;position;(-0.1, 0.1, 0.8);(-0.4, 0.2, 0.5)
7.058952;position;(-0.1, 0.1, 0.8);(-0.4, 0.2, 0.5)
7.086913;position;(-0.1, 0.1, 0.8);(-0.4, 0.2, 0.5)
7.107301;position;(-0.1, 0.1, 0.8);(-0.4, 0.2, 0.5)
7.132552;position;(-0.1, 0.1, 0.8);(-0.4, 0.2, 0.5)
7.1583;position;(-0.1, 0.1, 0.8);(-0.4, 0.2, 0.5)
7.19642;position;(-0.1, 0.1, 0.8);(-0.4, 0.2, 0.5)
7.212963;position;(-0.1, 0.1, 0.8);(-0.4, 0.2, 0.5)
7.234693;position;(-0.1, 0.1, 0.8);(-0.4, 0.2, 0.5)
7.25727;position;(-0.1, 0.1, 0.8);(-0.4, 0.2, 0.5)
7.282035;position;(-0.1, 0.1, 0.8);(-0.4, 0.2, 0.5)
7.311146;position;(-0.1, 0.1, 0.8);(-0.4, 0.2, 0.5)
7.337513;position;(-0.1, 0.1, 0.8);(-0.4, 0.2, 0.5)
7.361663;position;(-0.1, 0.1, 0.8);(-0.4, 0.2, 0.5)
7.383485;position;(-0.1, 0.1, 0.8);(-0.4, 0.2, 0.5)
7.40896;position;(-0.1, 0.1, 0.8);(-0.4, 0.2, 0.5)
7.433114;position;(-0.1, 0.1, 0.8);(-0.4, 0.2, 0.5)
7.458952;position;(-0.1, 0.1, 0.8);(-0.4, 0.2, 0.5)
7.484424;position;(-0.1, 0.1, 0.8);(-0.4, 0.2, 0.5)
7.51519;position;(-0.1, 0.1, 0.8);(-0.4, 0.2, 0.5)
7.53908;position;(-0.1, 0.1, 0.8);(-0.4, 0.2, 0.5)
7.560061;position;(-0.1, 0.1, 0.8);(-0.4, 0.2, 0.5)
7.585095;position;(-0.1, 0.1, 0.8);(-0.4, 0.2, 0.5)
7.609699;position;(-0.1, 0.1, 0.8);(-0.4, 0.2, 0.5)
7.637403;position;(-0.1, 0.1, 0.8);(-0.4, 0.2, 0.5)
7.665159;position;(-0.1, 0.1, 0.8);(-0.4, 0.2, 0.5)
7.687511;position;(-0.1, 0.1, 0.8);(-0.4, 0.2, 0.5)
7.713363;position;(-0.1, 0.1, 0.8);(-0.4, 0.2, 0.5)
7.734879;position;(-0.1, 0.1, 0.8);(-0.4, 0.2, 0.5)
7.759857;position;(-0.1, 0.1, 0.8);(-0.4, 0.2, 0.5)
7.784911;position;(-0.1, 0.1, 0.8);(-0.4, 0.2, 0.5)
7.798882;position;(-0.1, 0.1, 0.8);(-0.4, 0.2, 0.5)
7.814859;position;(-0.1, 0.1, 0.8);(-0.4, 0.2, 0.5)
7.831334;position;(-0.1, 0.1, 0.8);(-0.4, 0.2, 0.5)
7.843246;position;(-0.1, 0.1, 0.8);(-0.4, 0.2, 0.5)
7.856924;position;(-0.1, 0.1, 0.8);(-0.4, 0.2, 0.5)
7.871609;position;(-0.1, 0.1, 0.8);(-0.4, 0.2, 0.5)
7.885626;position;(-0.1, 0.1, 0.8);(-0.4, 0.2, 0.5)
7.9007;position;(-0.1, 0.1, 0.8);(-0.4, 0.2, 0.5)
7.925949;position;(-0.1, 0.1, 0.8);(-0.4, 0.2, 0.5)
7.940482;position;(-0.1, 0.1, 0.8);(-0.4, 0.2, 0.5)
7.955871;position;(-0.1, 0.1, 0.8);(-0.4, 0.2, 0.5)
7.972664;position;(-0.1, 0.1, 0.8);(-0.4, 0.2, 0.5)
7.988395;position;(-0.1, 0.1, 0.8);(-0.4, 0.2, 0.5)
8.000106;position;(-0.1, 0.1, 0.8);(-0.4, 0.2, 0.5)
8.014032;position;(-0.1, 0.1, 0.8);(-0.4, 0.2, 0.5)
8.028118;position;(-0.1, 0.1, 0.8);(-0.4, 0.2, 0.5)
8.042156;position;(-0.1, 0.1, 0.8);(-0.4, 0.2, 0.5)
8.054221;position;(-0.1, 0.1, 0.8);(-0.5, 0.2, 0.5)
8.067849;position;(-0.1, 0.1, 0.8);(-0.5, 0.2, 0.5)
8.08175;position;(-0.1, 0.1, 0.8);(-0.5, 0.2, 0.5)
8.094317;position;(-0.1, 0.1, 0.8);(-0.5, 0.2, 0.5)
8.138125;position;(-0.1, 0.1, 0.8);(-0.5, 0.2, 0.5)
8.155377;position;(-0.1, 0.1, 0.8);(-0.5, 0.2, 0.5)
8.168725;position;(-0.1, 0.1, 0.8);(-0.5, 0.2, 0.5)
8.189693;position;(-0.1, 0.1, 0.8);(-0.5, 0.2, 0.5)
8.214897;position;(-0.1, 0.1, 0.8);(-0.5, 0.2, 0.5)
8.228268;position;(-0.2, 0.2, 0.8);(-0.4, 0.2, 0.5)
8.240849;position;(-0.2, 0.2, 0.8);(-0.4, 0.2, 0.5)
8.252704;position;(-0.2, 0.2, 0.8);(-0.4, 0.2, 0.5)
8.265948;position;(-0.2, 0.2, 0.8);(-0.4, 0.2, 0.5)
8.278324;position;(-0.2, 0.2, 0.8);(-0.4, 0.2, 0.5)
8.291911;position;(-0.2, 0.2, 0.8);(-0.4, 0.2, 0.5)
8.317843;position;(-0.2, 0.2, 0.7);(-0.4, 0.2, 0.6)
8.33443;position;(-0.2, 0.2, 0.7);(-0.4, 0.2, 0.6)
8.345669;position;(-0.2, 0.2, 0.7);(-0.4, 0.2, 0.6)
8.35982;position;(-0.2, 0.2, 0.7);(-0.4, 0.2, 0.6)
8.37219;position;(-0.2, 0.2, 0.7);(-0.4, 0.2, 0.6)
8.384851;position;(-0.2, 0.2, 0.7);(-0.4, 0.2, 0.6)
8.397074;position;(-0.2, 0.2, 0.7);(-0.4, 0.2, 0.6)
8.408356;position;(-0.2, 0.2, 0.7);(-0.4, 0.2, 0.6)
8.420655;position;(-0.2, 0.2, 0.7);(-0.4, 0.2, 0.6)
8.431687;position;(-0.2, 0.2, 0.7);(-0.4, 0.2, 0.6)
8.442304;position;(-0.2, 0.2, 0.7);(-0.4, 0.2, 0.6)
8.466466;position;(-0.2, 0.2, 0.7);(-0.4, 0.2, 0.6)
8.480898;position;(-0.2, 0.2, 0.7);(-0.4, 0.2, 0.6)
8.490697;position;(-0.2, 0.2, 0.7);(-0.4, 0.2, 0.6)
8.501898;position;(-0.2, 0.2, 0.7);(-0.4, 0.2, 0.6)
8.513857;position;(-0.2, 0.2, 0.7);(-0.4, 0.2, 0.6)
8.525444;position;(-0.2, 0.2, 0.7);(-0.4, 0.2, 0.6)
8.538476;position;(-0.2, 0.2, 0.7);(-0.4, 0.2, 0.6)
8.550967;position;(-0.2, 0.2, 0.7);(-0.4, 0.2, 0.6)
8.565529;position;(-0.2, 0.2, 0.7);(-0.4, 0.2, 0.6)
8.576532;position;(-0.2, 0.2, 0.7);(-0.4, 0.2, 0.6)
8.587326;position;(-0.2, 0.2, 0.7);(-0.4, 0.2, 0.6)
8.599262;position;(-0.2, 0.2, 0.7);(-0.4, 0.2, 0.6)
8.622119;position;(-0.2, 0.2, 0.7);(-0.4, 0.2, 0.6)
8.639503;position;(-0.2, 0.2, 0.8);(-0.4, 0.2, 0.6)
8.65156;position;(-0.2, 0.2, 0.8);(-0.4, 0.2, 0.6)
8.662592;position;(-0.2, 0.2, 0.8);(-0.4, 0.2, 0.6)
8.673633;position;(-0.2, 0.2, 0.8);(-0.4, 0.2, 0.6)
8.684538;position;(-0.2, 0.2, 0.8);(-0.4, 0.2, 0.6)
8.69552;position;(-0.2, 0.2, 0.8);(-0.4, 0.2, 0.6)
8.705517;position;(-0.2, 0.2, 0.8);(-0.4, 0.2, 0.6)
8.716736;position;(-0.2, 0.2, 0.8);(-0.4, 0.2, 0.6)
8.729241;position;(-0.2, 0.2, 0.8);(-0.4, 0.2, 0.6)
8.742094;position;(-0.2, 0.2, 0.8);(-0.4, 0.2, 0.6)
8.755369;position;(-0.2, 0.2, 0.8);(-0.4, 0.2, 0.6)
8.783236;position;(-0.2, 0.2, 0.8);(-0.4, 0.2, 0.6)
8.799455;position;(-0.2, 0.2, 0.8);(-0.4, 0.2, 0.6)
8.810636;position;(-0.2, 0.2, 0.7);(-0.4, 0.2, 0.6)
8.822522;position;(-0.2, 0.2, 0.7);(-0.4, 0.2, 0.6)
8.8333;position;(-0.2, 0.2, 0.7);(-0.4, 0.2, 0.6)
8.844121;position;(-0.2, 0.2, 0.7);(-0.4, 0.2, 0.6)
8.854148;position;(-0.2, 0.2, 0.7);(-0.4, 0.2, 0.6)
8.866289;position;(-0.2, 0.2, 0.7);(-0.4, 0.2, 0.6)
8.878155;position;(-0.2, 0.2, 0.7);(-0.4, 0.2, 0.6)
8.890686;position;(-0.2, 0.1, 0.7);(-0.4, 0.1, 0.6)
8.90359;position;(-0.2, 0.1, 0.7);(-0.4, 0.1, 0.6)
8.917249;position;(-0.2, 0.1, 0.7);(-0.4, 0.1, 0.6)
8.948863;position;(-0.3, 0.1, 0.7);(-0.4, 0.1, 0.6)
8.964845;position;(-0.3, 0.1, 0.7);(-0.4, 0.1, 0.6)
8.979684;position;(-0.3, 0.1, 0.7);(-0.4, 0.1, 0.6)
8.991597;position;(-0.3, 0.1, 0.7);(-0.4, 0.1, 0.6)
9.003411;position;(-0.3, 0.1, 0.7);(-0.4, 0.1, 0.5)
9.014034;position;(-0.3, 0.1, 0.7);(-0.4, 0.1, 0.5)
9.026819;position;(-0.3, 0.1, 0.7);(-0.4, 0.1, 0.5)
9.039862;position;(-0.3, 0.1, 0.7);(-0.4, 0.1, 0.5)
9.053133;position;(-0.3, 0.1, 0.7);(-0.4, 0.0, 0.5)
9.065529;position;(-0.3, 0.0, 0.7);(-0.5, 0.0, 0.5)
9.079824;position;(-0.3, 0.0, 0.7);(-0.5, 0.0, 0.5)
9.09828;position;(-0.3, 0.0, 0.7);(-0.5, 0.0, 0.5)
9.116034;position;(-0.3, 0.0, 0.7);(-0.5, 0.0, 0.5)
9.130275;position;(-0.3, 0.0, 0.7);(-0.5, 0.0, 0.5)
9.144257;position;(-0.3, 0.0, 0.6);(-0.5, 0.0, 0.5)
9.157702;position;(-0.3, 0.0, 0.6);(-0.5, 0.0, 0.5)
9.176777;position;(-0.3, 0.0, 0.6);(-0.5, 0.0, 0.5)
9.199629;position;(-0.3, 0.0, 0.6);(-0.5, 0.0, 0.5)
9.214452;position;(-0.3, 0.0, 0.6);(-0.5, 0.0, 0.5)
9.227771;position;(-0.3, 0.0, 0.6);(-0.5, 0.0, 0.5)
9.24144;position;(-0.3, 0.0, 0.6);(-0.5, 0.0, 0.5)
9.258338;position;(-0.3, 0.0, 0.6);(-0.5, 0.0, 0.5)
9.272976;position;(-0.3, 0.0, 0.6);(-0.5, 0.0, 0.5)
9.285081;position;(-0.3, 0.0, 0.6);(-0.5, 0.0, 0.5)
9.296371;position;(-0.3, 0.0, 0.6);(-0.5, 0.0, 0.5)
9.307204;position;(-0.3, 0.0, 0.6);(-0.5, 0.0, 0.5)
9.317795;position;(-0.3, 0.0, 0.6);(-0.5, 0.0, 0.5)
9.326595;position;(-0.3, 0.0, 0.6);(-0.5, 0.0, 0.5)
9.337713;position;(-0.3, 0.0, 0.6);(-0.5, 0.0, 0.5)
9.348064;position;(-0.3, 0.0, 0.6);(-0.5, 0.0, 0.5)
9.358083;position;(-0.3, 0.0, 0.6);(-0.5, 0.0, 0.5)
9.370444;position;(-0.3, 0.0, 0.6);(-0.5, 0.0, 0.5)
9.382407;position;(-0.3, 0.0, 0.6);(-0.5, 0.0, 0.5)
9.399345;position;(-0.3, 0.0, 0.6);(-0.5, 0.0, 0.5)
9.414211;position;(-0.3, 0.0, 0.6);(-0.5, 0.0, 0.5)
9.428122;position;(-0.3, 0.0, 0.6);(-0.5, 0.0, 0.5)
9.4418;position;(-0.3, 0.0, 0.6);(-0.5, 0.0, 0.5)
9.454535;position;(-0.3, 0.0, 0.6);(-0.5, 0.0, 0.5)
9.467421;position;(-0.3, 0.0, 0.6);(-0.5, 0.0, 0.5)
9.479948;position;(-0.3, 0.0, 0.6);(-0.5, 0.0, 0.5)
9.492237;position;(-0.3, 0.0, 0.6);(-0.5, 0.0, 0.5)
9.505389;position;(-0.3, 0.0, 0.6);(-0.5, 0.0, 0.5)
9.51697;position;(-0.3, 0.0, 0.6);(-0.5, 0.0, 0.5)
9.529712;position;(-0.3, 0.0, 0.6);(-0.5, 0.0, 0.5)
9.542023;position;(-0.3, 0.0, 0.6);(-0.5, 0.0, 0.5)
9.555585;position;(-0.3, 0.0, 0.6);(-0.5, 0.0, 0.5)
9.599463;position;(-0.3, 0.0, 0.6);(-0.5, 0.0, 0.5)
9.617614;position;(-0.3, 0.0, 0.6);(-0.5, 0.0, 0.5)
9.628214;position;(-0.3, 0.0, 0.6);(-0.5, 0.0, 0.5)
9.642254;position;(-0.3, 0.0, 0.6);(-0.5, 0.0, 0.5)
9.664803;position;(-0.3, 0.0, 0.6);(-0.5, 0.0, 0.5)
9.678112;position;(-0.3, 0.0, 0.6);(-0.5, 0.0, 0.5)
9.690055;position;(-0.3, 0.0, 0.6);(-0.5, 0.0, 0.5)
9.701754;position;(-0.3, 0.0, 0.6);(-0.5, 0.0, 0.5)
9.715377;position;(-0.3, 0.0, 0.6);(-0.5, 0.0, 0.5)
9.731573;position;(-0.3, 0.0, 0.6);(-0.5, 0.0, 0.5)
9.745385;position;(-0.3, 0.0, 0.6);(-0.5, 0.0, 0.5)
9.75676;position;(-0.3, 0.0, 0.6);(-0.5, 0.0, 0.5)
9.767865;position;(-0.3, 0.0, 0.6);(-0.5, 0.0, 0.5)
9.777631;position;(-0.3, 0.0, 0.6);(-0.5, 0.0, 0.5)
9.789647;position;(-0.3, 0.0, 0.6);(-0.5, 0.0, 0.5)
9.802746;position;(-0.3, 0.0, 0.6);(-0.5, 0.0, 0.5)
9.818895;position;(-0.3, 0.0, 0.6);(-0.5, 0.0, 0.5)
9.82861;position;(-0.3, 0.0, 0.6);(-0.5, 0.0, 0.5)
9.84034;position;(-0.3, 0.0, 0.6);(-0.5, -0.1, 0.5)
9.852784;position;(-0.3, 0.0, 0.6);(-0.5, 0.0, 0.5)
9.866593;position;(-0.3, 0.0, 0.6);(-0.5, 0.0, 0.5)
9.881712;position;(-0.3, 0.0, 0.6);(-0.5, 0.0, 0.5)
9.894255;position;(-0.3, 0.0, 0.6);(-0.5, 0.0, 0.5)
9.904936;position;(-0.3, 0.0, 0.6);(-0.5, 0.0, 0.5)
9.917305;position;(-0.3, 0.0, 0.6);(-0.5, 0.0, 0.5)
9.928747;position;(-0.3, 0.0, 0.6);(-0.5, 0.0, 0.5)
9.940648;position;(-0.3, 0.0, 0.6);(-0.5, 0.0, 0.5)
9.953856;position;(-0.3, 0.0, 0.6);(-0.5, 0.0, 0.5)
9.966219;position;(-0.3, 0.0, 0.6);(-0.5, 0.0, 0.5)
9.97835;position;(-0.3, 0.0, 0.6);(-0.5, 0.0, 0.5)
9.990995;position;(-0.3, 0.0, 0.6);(-0.5, 0.0, 0.5)
10.0036;position;(-0.3, 0.0, 0.6);(-0.5, 0.0, 0.5)
10.02027;position;(-0.3, 0.0, 0.6);(-0.5, 0.0, 0.5)
10.036;position;(-0.3, 0.0, 0.6);(-0.5, 0.0, 0.5)
10.0521;position;(-0.3, 0.0, 0.6);(-0.5, 0.0, 0.5)
10.06339;position;(-0.3, 0.0, 0.6);(-0.5, 0.0, 0.5)
10.07551;position;(-0.3, 0.0, 0.6);(-0.5, 0.0, 0.5)
10.0872;position;(-0.3, 0.0, 0.6);(-0.5, 0.0, 0.5)
10.0994;position;(-0.3, 0.0, 0.6);(-0.5, 0.0, 0.5)
10.10962;position;(-0.3, 0.0, 0.6);(-0.5, 0.0, 0.5)
10.12027;position;(-0.3, 0.0, 0.6);(-0.5, 0.0, 0.5)
10.13257;position;(-0.3, 0.0, 0.6);(-0.5, 0.0, 0.5)
10.14236;position;(-0.3, 0.0, 0.6);(-0.5, 0.0, 0.5)
10.15317;position;(-0.3, 0.0, 0.6);(-0.5, 0.0, 0.5)
10.16524;position;(-0.3, 0.0, 0.6);(-0.5, 0.0, 0.5)
10.17674;position;(-0.3, 0.0, 0.6);(-0.5, 0.0, 0.5)
10.19043;position;(-0.3, 0.0, 0.6);(-0.5, 0.0, 0.5)
10.20592;position;(-0.3, 0.0, 0.6);(-0.5, 0.0, 0.5)
10.21966;position;(-0.3, 0.0, 0.6);(-0.5, 0.0, 0.5)
10.23129;position;(-0.3, 0.0, 0.6);(-0.5, 0.0, 0.5)
10.24215;position;(-0.3, 0.0, 0.6);(-0.5, 0.0, 0.5)
10.25245;position;(-0.3, 0.0, 0.6);(-0.5, 0.0, 0.5)
10.26453;position;(-0.3, 0.0, 0.6);(-0.5, 0.0, 0.5)
10.27615;position;(-0.3, 0.0, 0.6);(-0.5, 0.0, 0.5)
10.28873;position;(-0.3, 0.0, 0.6);(-0.5, 0.0, 0.5)
10.30053;position;(-0.3, 0.0, 0.6);(-0.5, 0.0, 0.5)
10.31335;position;(-0.3, 0.0, 0.6);(-0.5, 0.0, 0.5)
10.32574;position;(-0.3, 0.0, 0.6);(-0.5, 0.0, 0.5)
10.34241;position;(-0.3, 0.0, 0.6);(-0.5, 0.0, 0.5)
10.35658;position;(-0.3, 0.0, 0.6);(-0.5, 0.0, 0.5)
10.36816;position;(-0.3, 0.0, 0.6);(-0.5, 0.0, 0.5)
10.38109;position;(-0.3, 0.0, 0.6);(-0.5, 0.0, 0.5)
10.39224;position;(-0.3, 0.0, 0.6);(-0.5, 0.0, 0.5)
10.40368;position;(-0.3, 0.0, 0.6);(-0.5, 0.0, 0.5)
10.41656;position;(-0.3, 0.0, 0.6);(-0.5, 0.0, 0.5)
10.43228;position;(-0.3, 0.0, 0.6);(-0.5, 0.0, 0.5)
10.44446;position;(-0.3, 0.0, 0.6);(-0.5, 0.0, 0.5)
10.45508;position;(-0.3, 0.0, 0.6);(-0.5, 0.0, 0.5)
10.46743;position;(-0.3, 0.0, 0.6);(-0.5, 0.0, 0.5)
10.47939;position;(-0.3, 0.0, 0.6);(-0.5, 0.0, 0.5)
10.49691;position;(-0.3, 0.0, 0.6);(-0.5, 0.0, 0.5)
10.51277;position;(-0.3, 0.0, 0.6);(-0.5, 0.0, 0.5)
10.52985;position;(-0.3, 0.0, 0.6);(-0.5, 0.0, 0.5)
10.54367;position;(-0.3, 0.0, 0.6);(-0.5, 0.0, 0.5)
10.55415;position;(-0.3, 0.0, 0.6);(-0.5, 0.0, 0.5)
10.56648;position;(-0.3, 0.0, 0.6);(-0.5, 0.0, 0.5)
10.57924;position;(-0.3, 0.0, 0.6);(-0.5, 0.0, 0.5)
10.5917;position;(-0.3, 0.0, 0.6);(-0.5, 0.0, 0.5)
10.60408;position;(-0.3, 0.0, 0.6);(-0.5, 0.0, 0.5)
10.61671;position;(-0.3, 0.0, 0.6);(-0.5, 0.0, 0.5)
10.63305;position;(-0.3, 0.0, 0.6);(-0.5, 0.0, 0.5)
10.65086;position;(-0.3, 0.0, 0.6);(-0.5, 0.0, 0.5)
10.66639;position;(-0.3, 0.0, 0.6);(-0.5, 0.0, 0.5)
10.67815;position;(-0.3, 0.0, 0.6);(-0.5, 0.0, 0.5)
10.69204;position;(-0.3, 0.0, 0.6);(-0.5, 0.0, 0.5)
10.70399;position;(-0.3, 0.0, 0.6);(-0.5, 0.0, 0.5)
10.71463;position;(-0.3, 0.0, 0.6);(-0.5, 0.0, 0.5)
10.72581;position;(-0.3, 0.0, 0.6);(-0.5, 0.0, 0.5)
10.73749;position;(-0.3, 0.0, 0.6);(-0.5, 0.0, 0.5)
10.74864;position;(-0.3, 0.0, 0.6);(-0.5, 0.0, 0.5)
10.76014;position;(-0.3, 0.0, 0.6);(-0.5, 0.0, 0.5)
10.77206;position;(-0.3, 0.0, 0.6);(-0.5, 0.0, 0.5)
10.78438;position;(-0.3, 0.0, 0.6);(-0.5, 0.0, 0.5)
10.80105;position;(-0.3, 0.0, 0.6);(-0.5, 0.0, 0.5)
10.81589;position;(-0.3, 0.0, 0.6);(-0.5, 0.0, 0.5)
10.82814;position;(-0.3, 0.0, 0.6);(-0.5, 0.0, 0.5)
10.84594;position;(-0.3, 0.0, 0.6);(-0.5, 0.0, 0.5)
10.85783;position;(-0.3, 0.0, 0.6);(-0.5, 0.0, 0.5)
10.86973;position;(-0.3, 0.0, 0.6);(-0.5, 0.0, 0.5)
10.88173;position;(-0.3, 0.0, 0.6);(-0.5, 0.0, 0.5)
10.89261;position;(-0.3, 0.0, 0.6);(-0.5, 0.0, 0.5)
10.90499;position;(-0.3, 0.0, 0.6);(-0.5, 0.0, 0.5)
10.94225;position;(-0.3, 0.0, 0.6);(-0.5, 0.0, 0.5)
10.9566;position;(-0.3, 0.0, 0.6);(-0.5, 0.0, 0.5)
10.97095;position;(-0.3, 0.0, 0.6);(-0.5, 0.0, 0.5)
10.98333;position;(-0.3, 0.0, 0.6);(-0.5, 0.0, 0.5)
10.99646;position;(-0.3, 0.0, 0.6);(-0.5, 0.0, 0.5)
11.0097;position;(-0.3, 0.0, 0.6);(-0.5, 0.0, 0.5)
11.02032;position;(-0.3, 0.0, 0.6);(-0.5, 0.0, 0.5)
11.03135;position;(-0.3, 0.0, 0.6);(-0.5, 0.0, 0.5)
11.04416;position;(-0.3, 0.0, 0.6);(-0.5, 0.0, 0.5)
11.05331;position;(-0.3, 0.0, 0.6);(-0.5, 0.0, 0.5)
11.06576;position;(-0.3, 0.0, 0.6);(-0.5, 0.0, 0.5)
11.07772;position;(-0.3, 0.0, 0.6);(-0.5, 0.0, 0.5)
11.09038;position;(-0.3, 0.0, 0.6);(-0.5, 0.0, 0.5)
11.10357;position;(-0.3, 0.0, 0.6);(-0.5, 0.0, 0.5)
11.11962;position;(-0.3, 0.0, 0.6);(-0.5, 0.0, 0.5)
11.1332;position;(-0.3, 0.0, 0.6);(-0.5, 0.0, 0.5)
11.14618;position;(-0.3, 0.0, 0.6);(-0.5, 0.0, 0.5)
11.15837;position;(-0.3, 0.0, 0.6);(-0.5, 0.0, 0.5)
11.17187;position;(-0.3, 0.0, 0.6);(-0.5, 0.0, 0.5)
11.18357;position;(-0.3, 0.0, 0.6);(-0.5, 0.0, 0.5)
11.19505;position;(-0.3, 0.0, 0.6);(-0.5, 0.0, 0.5)
11.20665;position;(-0.3, 0.0, 0.6);(-0.5, 0.0, 0.5)
11.21721;position;(-0.3, 0.0, 0.6);(-0.5, 0.0, 0.5)
11.22951;position;(-0.3, 0.0, 0.6);(-0.5, 0.0, 0.5)
11.2417;position;(-0.3, 0.0, 0.6);(-0.5, 0.0, 0.5)
11.25618;position;(-0.3, 0.0, 0.6);(-0.5, 0.0, 0.5)
11.27256;position;(-0.3, 0.0, 0.6);(-0.5, 0.0, 0.5)
11.2882;position;(-0.3, 0.0, 0.6);(-0.5, 0.0, 0.5)
11.29909;position;(-0.3, 0.0, 0.6);(-0.5, 0.0, 0.5)
11.30954;position;(-0.3, 0.0, 0.6);(-0.5, 0.0, 0.5)
11.32101;position;(-0.3, 0.0, 0.6);(-0.5, 0.0, 0.5)
11.33307;position;(-0.3, 0.0, 0.6);(-0.5, 0.0, 0.5)
11.34489;position;(-0.3, 0.0, 0.6);(-0.5, 0.0, 0.5)
11.35684;position;(-0.3, 0.0, 0.6);(-0.5, 0.0, 0.5)
11.36894;position;(-0.3, 0.0, 0.6);(-0.5, 0.0, 0.5)
11.38171;position;(-0.3, 0.0, 0.6);(-0.5, 0.0, 0.5)
11.39374;position;(-0.3, 0.0, 0.6);(-0.5, 0.0, 0.5)
11.40524;position;(-0.3, 0.0, 0.6);(-0.5, 0.0, 0.5)
11.41865;position;(-0.3, 0.0, 0.6);(-0.5, 0.0, 0.5)
11.43292;position;(-0.3, 0.0, 0.6);(-0.5, 0.0, 0.5)
11.44875;position;(-0.3, 0.0, 0.6);(-0.5, 0.0, 0.5)
11.46382;position;(-0.3, 0.0, 0.6);(-0.5, 0.0, 0.5)
11.47546;position;(-0.3, 0.0, 0.6);(-0.5, 0.0, 0.5)
11.48921;position;(-0.3, 0.0, 0.6);(-0.5, 0.0, 0.5)
11.50083;position;(-0.3, 0.0, 0.6);(-0.5, 0.0, 0.5)
11.51395;position;(-0.3, 0.0, 0.6);(-0.5, 0.0, 0.5)
11.52543;position;(-0.3, 0.0, 0.6);(-0.5, 0.0, 0.5)
11.53698;position;(-0.3, 0.0, 0.6);(-0.5, 0.0, 0.5)
11.54947;position;(-0.3, 0.0, 0.6);(-0.5, 0.0, 0.5)
11.56128;position;(-0.3, 0.0, 0.6);(-0.5, 0.0, 0.5)
11.57724;position;(-0.3, 0.0, 0.6);(-0.5, 0.0, 0.5)
11.60278;position;(-0.3, 0.0, 0.6);(-0.5, 0.0, 0.5)
11.62429;position;(-0.3, 0.0, 0.6);(-0.5, 0.0, 0.5)
11.63917;position;(-0.3, 0.0, 0.6);(-0.5, 0.0, 0.5)
11.65425;position;(-0.3, 0.0, 0.6);(-0.5, 0.0, 0.5)
11.67016;position;(-0.3, 0.0, 0.6);(-0.5, 0.0, 0.5)
11.68601;position;(-0.3, 0.0, 0.6);(-0.5, 0.0, 0.5)
11.70118;position;(-0.3, 0.0, 0.6);(-0.5, 0.0, 0.5)
11.71692;position;(-0.3, 0.0, 0.6);(-0.5, 0.0, 0.5)
11.73582;position;(-0.3, 0.0, 0.6);(-0.5, 0.0, 0.5)
11.75892;position;(-0.3, 0.0, 0.6);(-0.5, 0.0, 0.5)
11.78088;position;(-0.3, 0.0, 0.6);(-0.5, 0.0, 0.5)
11.79801;position;(-0.3, 0.0, 0.6);(-0.5, 0.0, 0.5)
11.9078;position;(-0.3, 0.0, 0.6);(-0.5, 0.0, 0.5)
12.01964;position;(-0.3, 0.0, 0.6);(-0.5, 0.0, 0.5)
12.11613;position;(-0.3, 0.0, 0.6);(-0.5, 0.0, 0.5)
12.16427;position;(-0.3, 0.0, 0.6);(-0.5, 0.0, 0.5)
12.18273;position;(-0.3, 0.0, 0.6);(-0.5, 0.0, 0.5)
12.19876;position;(-0.3, 0.0, 0.6);(-0.5, 0.0, 0.5)
12.22314;position;(-0.3, 0.0, 0.6);(-0.5, 0.0, 0.5)
12.24423;position;(-0.3, 0.0, 0.6);(-0.5, 0.0, 0.5)
12.26563;position;(-0.3, 0.0, 0.6);(-0.5, 0.0, 0.5)
12.28823;position;(-0.3, 0.0, 0.6);(-0.5, 0.0, 0.5)
12.31501;position;(-0.3, 0.0, 0.6);(-0.5, 0.0, 0.5)
12.33837;position;(-0.3, 0.0, 0.6);(-0.5, 0.0, 0.5)
12.36068;position;(-0.3, 0.0, 0.6);(-0.5, 0.0, 0.5)
12.38237;position;(-0.3, 0.0, 0.6);(-0.5, 0.0, 0.5)
12.40617;position;(-0.3, 0.0, 0.6);(-0.5, 0.0, 0.5)
12.43061;position;(-0.3, 0.0, 0.6);(-0.5, 0.0, 0.5)
12.45635;position;(-0.3, 0.0, 0.6);(-0.5, 0.0, 0.5)
12.48643;position;(-0.3, 0.0, 0.6);(-0.5, 0.0, 0.5)
12.511;position;(-0.3, 0.0, 0.6);(-0.5, 0.0, 0.5)
12.53204;position;(-0.3, 0.0, 0.6);(-0.5, 0.0, 0.5)
12.55628;position;(-0.3, 0.0, 0.6);(-0.5, 0.0, 0.5)
12.58515;position;(-0.3, 0.0, 0.6);(-0.5, 0.0, 0.5)
12.60665;position;(-0.3, 0.0, 0.6);(-0.5, 0.0, 0.5)
12.64096;position;(-0.3, 0.0, 0.6);(-0.5, 0.0, 0.5)
12.74675;position;(-0.3, 0.0, 0.6);(-0.5, 0.0, 0.5)
12.76176;position;(-0.3, 0.0, 0.6);(-0.5, 0.0, 0.5)
12.88789;position;(-0.3, 0.0, 0.6);(-0.5, 0.0, 0.5)
13.01066;position;(-0.3, 0.0, 0.6);(-0.5, 0.0, 0.5)
13.13788;position;(-0.3, 0.0, 0.6);(-0.5, 0.0, 0.5)
13.26104;position;(-0.3, 0.0, 0.6);(-0.5, 0.0, 0.5)
13.38614;position;(-0.3, 0.0, 0.6);(-0.5, 0.0, 0.5)
13.50908;position;(-0.3, 0.0, 0.6);(-0.5, 0.0, 0.5)
13.63966;position;(-0.3, 0.0, 0.6);(-0.5, 0.0, 0.5)
13.76396;position;(-0.3, 0.0, 0.6);(-0.5, 0.0, 0.5)
13.88634;position;(-0.3, 0.0, 0.6);(-0.5, 0.0, 0.5)
14.01101;position;(-0.3, 0.0, 0.6);(-0.5, 0.0, 0.5)
14.13723;position;(-0.3, 0.0, 0.6);(-0.5, 0.0, 0.5)
14.25878;position;(-0.3, 0.0, 0.6);(-0.5, 0.0, 0.5)
14.38734;position;(-0.3, 0.0, 0.6);(-0.5, 0.0, 0.5)
14.50979;position;(-0.3, 0.0, 0.6);(-0.5, 0.0, 0.5)
14.63664;position;(-0.3, 0.0, 0.6);(-0.5, 0.0, 0.5)
14.75867;position;(-0.3, 0.0, 0.6);(-0.5, 0.0, 0.5)
14.88666;position;(-0.3, 0.0, 0.6);(-0.5, 0.0, 0.5)
15.00849;position;(-0.3, 0.0, 0.6);(-0.5, 0.0, 0.5)
15.13862;position;(-0.3, 0.0, 0.6);(-0.5, 0.0, 0.5)
15.26013;position;(-0.3, 0.0, 0.6);(-0.5, 0.0, 0.5)
15.38851;position;(-0.3, 0.0, 0.6);(-0.5, 0.0, 0.5)
15.51193;position;(-0.3, 0.0, 0.6);(-0.5, 0.0, 0.5)
15.63967;position;(-0.3, 0.0, 0.6);(-0.5, 0.0, 0.5)
15.76089;position;(-0.3, 0.0, 0.6);(-0.5, 0.0, 0.5)
